1.000000000000000000e+00 1.000000000000000000e+01
1.088601231575012207e+00 6.364251613616943359e+00
8.478167653083801270e-01 1.568691921234130859e+01
4.749656319618225098e-01 9.197534561157226562e+00
1.357072234153747559e+00 7.646117687225341797e+00
8.410258293151855469e-01 9.462471961975097656e+00
1.537416815757751465e+00 8.210299491882324219e+00
9.137628078460693359e-01 8.606864929199218750e+00
1.920836210250854492e+00 1.898441505432128906e+01
1.442665219306945801e+00 1.197168540954589844e+01
1.294157385826110840e+00 1.592357349395751953e+01
7.749442458152770996e-01 1.490736484527587891e+01
6.692078113555908203e-01 8.595051765441894531e+00
1.261076211929321289e+00 6.416296005249023438e+00
9.813519716262817383e-01 7.386723041534423828e+00
9.244390130043029785e-01 4.190073490142822266e+00
5.831465721130371094e-01 7.430812835693359375e+00
1.251455187797546387e+00 9.214694023132324219e+00
1.023557662963867188e+00 1.219313812255859375e+01
7.698708772659301758e-01 1.110618495941162109e+01
7.650889158248901367e-01 6.018126010894775391e+00
8.658477067947387695e-01 1.129032230377197266e+01
1.091084480285644531e+00 1.008623886108398438e+01
2.067679166793823242e+00 1.132845211029052734e+01
1.442335247993469238e+00 1.981623077392578125e+01
7.035620212554931641e-01 7.840795040130615234e+00
1.628979444503784180e+00 7.681706905364990234e+00
1.059397459030151367e+00 1.342348194122314453e+01
1.313876509666442871e+00 1.743523216247558594e+01
1.609609246253967285e+00 1.457042312622070312e+01
8.317582011222839355e-01 1.317979240417480469e+01
1.078811764717102051e+00 6.905480861663818359e+00
1.541530489921569824e+00 1.227701854705810547e+01
1.058575987815856934e+00 9.517877578735351562e+00
7.020168304443359375e-01 1.056451797485351562e+01
1.110879421234130859e+00 7.836013317108154297e+00
1.432149410247802734e+00 7.021934032440185547e+00
5.482562780380249023e-01 1.318590641021728516e+01
8.343427181243896484e-01 9.898988723754882812e+00
7.638635635375976562e-01 6.170506954193115234e+00
1.418549060821533203e+00 7.749621391296386719e+00
1.704461455345153809e+00 1.241969394683837891e+01
9.597307443618774414e-01 7.377864360809326172e+00
7.994359731674194336e-01 6.742414474487304688e+00
1.828962922096252441e+00 1.009964942932128906e+01
1.499957203865051270e+00 6.843990802764892578e+00
1.099498510360717773e+00 1.370858478546142578e+01
9.130014777183532715e-01 1.406181716918945312e+01
7.157157659530639648e-01 6.873211383819580078e+00
1.083691120147705078e+00 8.596342086791992188e+00
1.222201466560363770e+00 5.441712856292724609e+00
1.263321995735168457e+00 2.051645278930664062e+01
1.016115188598632812e+00 1.085571765899658203e+01
1.057030439376831055e+00 5.767294406890869141e+00
1.142695903778076172e+00 5.846972465515136719e+00
8.913974761962890625e-01 1.376019287109375000e+01
7.928972840309143066e-01 1.199967098236083984e+01
1.323944568634033203e+00 1.107219219207763672e+01
6.816608905792236328e-01 9.143357276916503906e+00
1.732388496398925781e+00 5.398470401763916016e+00
9.725967645645141602e-01 7.966981887817382812e+00
1.034011244773864746e+00 1.223525905609130859e+01
1.625721693038940430e+00 9.409210205078125000e+00
1.339501619338989258e+00 1.154690647125244141e+01
1.187124490737915039e+00 8.565917015075683594e+00
7.542412281036376953e-01 7.078717708587646484e+00
7.748115062713623047e-01 1.063916301727294922e+01
1.224792242050170898e+00 1.108753395080566406e+01
8.655333518981933594e-01 1.736922073364257812e+01
1.554600715637207031e+00 9.502895355224609375e+00
8.163537383079528809e-01 1.034549045562744141e+01
1.433184385299682617e+00 1.108742046356201172e+01
1.225016713142395020e+00 9.480941772460937500e+00
1.170202374458312988e+00 1.580961513519287109e+01
9.453661441802978516e-01 1.092857265472412109e+01
1.073073148727416992e+00 1.098556613922119141e+01
6.593412756919860840e-01 5.748415470123291016e+00
7.064181566238403320e-01 9.950289726257324219e+00
1.140426158905029297e+00 8.523988723754882812e+00
1.531606912612915039e+00 9.427794456481933594e+00
1.049933195114135742e+00 9.379285812377929688e+00
1.046112298965454102e+00 1.227444171905517578e+01
1.226548433303833008e+00 7.795538902282714844e+00
1.612070798873901367e+00 7.022882938385009766e+00
1.074139714241027832e+00 8.889981269836425781e+00
7.352494001388549805e-01 9.662795066833496094e+00
7.764689326286315918e-01 1.018613052368164062e+01
1.100347399711608887e+00 1.558031272888183594e+01
1.107137560844421387e+00 8.702059745788574219e+00
8.982488512992858887e-01 1.028489208221435547e+01
1.017458081245422363e+00 1.553772544860839844e+01
1.522473931312561035e+00 9.383687973022460938e+00
8.846537470817565918e-01 4.614057064056396484e+00
8.378367424011230469e-01 6.902060508728027344e+00
8.832557201385498047e-01 1.083719158172607422e+01
1.041585087776184082e+00 9.990499496459960938e+00
1.066038012504577637e+00 9.627799987792968750e+00
1.067693352699279785e+00 3.779060840606689453e+00
9.284507036209106445e-01 8.775983810424804688e+00
8.960112333297729492e-01 9.245571136474609375e+00
