1.370231640625000000e+04 8.517877929687500000e+03 2.844496337890625000e+03 2.224202636718750000e+03 1.085026611328125000e+03 6.927910156250000000e+02 3.527683105468750000e+02 2.677328491210937500e+02 1.286440277099609375e+02 6.148564147949218750e+01
8.255530273437500000e+03 5.009316406250000000e+03 1.715392944335937500e+03 1.139224365234375000e+03 7.554056396484375000e+02 3.787154846191406250e+02 2.047422332763671875e+02 1.263247909545898438e+02 6.935066986083984375e+01 3.588087844848632812e+01
2.411496093750000000e+04 1.238006542968750000e+04 6.745977539062500000e+03 3.592790039062500000e+03 2.493739257812500000e+03 1.341155273437500000e+03 8.434880981445312500e+02 5.271766967773437500e+02 2.971702270507812500e+02 1.331425323486328125e+02
1.402344433593750000e+04 9.381564453125000000e+03 4.673858398437500000e+03 3.721744384765625000e+03 2.456675781250000000e+03 1.507145263671875000e+03 9.730834960937500000e+02 6.081377563476562500e+02 3.699407043457031250e+02 2.041233367919921875e+02
1.121725976562500000e+04 4.080336181640625000e+03 1.828201538085937500e+03 1.042880371093750000e+03 5.906046142578125000e+02 3.007908020019531250e+02 1.625672912597656250e+02 7.804178619384765625e+01 4.067319869995117188e+01 2.339341354370117188e+01
1.605312207031250000e+04 9.041638671875000000e+03 4.028312500000000000e+03 2.344820068359375000e+03 1.392850585937500000e+03 8.886669921875000000e+02 5.877147216796875000e+02 3.219087524414062500e+02 2.120500335693359375e+02 9.555437469482421875e+01
1.399027539062500000e+04 5.071789550781250000e+03 1.749918579101562500e+03 9.994777832031250000e+02 5.176308593750000000e+02 2.470690612792968750e+02 1.396016693115234375e+02 6.899758148193359375e+01 3.516817855834960938e+01 1.751245880126953125e+01
1.539938574218750000e+04 7.948847167968750000e+03 2.844531250000000000e+03 1.865877075195312500e+03 1.260723999023437500e+03 6.675635375976562500e+02 4.407943115234375000e+02 2.170179290771484375e+02 1.452563171386718750e+02 8.465438079833984375e+01
3.362545312500000000e+04 7.949710449218750000e+03 2.554008056640625000e+03 1.186021240234375000e+03 5.620882568359375000e+02 3.361083374023437500e+02 1.415077514648437500e+02 6.881993865966796875e+01 3.065961837768554688e+01 1.642353057861328125e+01
1.799225195312500000e+04 6.094504882812500000e+03 2.276741943359375000e+03 1.197939086914062500e+03 7.139375000000000000e+02 3.031871643066406250e+02 2.399670257568359375e+02 1.116472702026367188e+02 6.356804656982421875e+01 2.896672630310058594e+01
2.380124023437500000e+04 1.074125097656250000e+04 3.936144042968750000e+03 2.303987548828125000e+03 1.320265869140625000e+03 6.287855834960937500e+02 3.889921264648437500e+02 2.091954193115234375e+02 9.704633331298828125e+01 5.691042709350585938e+01
2.230303125000000000e+04 1.322360058593750000e+04 6.414237304687500000e+03 4.024479980468750000e+03 2.773230957031250000e+03 1.880830444335937500e+03 1.172114013671875000e+03 5.393751831054687500e+02 3.198494567871093750e+02 2.018591308593750000e+02
1.048435937500000000e+04 1.008564160156250000e+04 3.240588867187500000e+03 2.592737060546875000e+03 1.705659912109375000e+03 1.205389404296875000e+03 6.639581298828125000e+02 4.366550903320312500e+02 2.301865692138671875e+02 1.496452636718750000e+02
9.719638671875000000e+03 5.280913574218750000e+03 1.799895996093750000e+03 7.961711425781250000e+02 5.095523071289062500e+02 2.789402770996093750e+02 1.452168579101562500e+02 8.149942779541015625e+01 4.490165710449218750e+01 2.418013763427734375e+01
1.075604589843750000e+04 4.994207031250000000e+03 2.109161621093750000e+03 1.174427856445312500e+03 9.289835815429687500e+02 4.980715332031250000e+02 3.321777343750000000e+02 1.672912902832031250e+02 9.233791351318359375e+01 5.012772750854492188e+01
7.111225585937500000e+03 3.545348388671875000e+03 1.313824340820312500e+03 9.482678833007812500e+02 5.464371948242187500e+02 3.506569519042968750e+02 1.808470306396484375e+02 1.106177825927734375e+02 5.797972488403320312e+01 3.986536407470703125e+01
1.230200976562500000e+04 9.547515625000000000e+03 3.799034912109375000e+03 2.152406738281250000e+03 1.882829345703125000e+03 1.081418334960937500e+03 5.395411376953125000e+02 3.506322021484375000e+02 2.923244628906250000e+02 1.575289154052734375e+02
1.600886230468750000e+04 5.882242187500000000e+03 1.981335449218750000e+03 1.299466796875000000e+03 7.976981201171875000e+02 4.697392883300781250e+02 2.153587341308593750e+02 1.294550933837890625e+02 7.108178710937500000e+01 3.631973648071289062e+01
1.967833984375000000e+04 9.687169921875000000e+03 3.985239501953125000e+03 2.728935302734375000e+03 1.419688354492187500e+03 6.690494384765625000e+02 4.566650390625000000e+02 2.252820434570312500e+02 1.669104309082031250e+02 8.126528930664062500e+01
1.766780859375000000e+04 1.055475390625000000e+04 4.090702148437500000e+03 3.095268310546875000e+03 1.931804687500000000e+03 1.094870849609375000e+03 7.288745117187500000e+02 4.603518371582031250e+02 2.345963439941406250e+02 1.626244964599609375e+02
8.857115234375000000e+03 5.414981933593750000e+03 2.443161621093750000e+03 1.596635864257812500e+03 1.171125366210937500e+03 6.359217529296875000e+02 4.494938964843750000e+02 2.223600921630859375e+02 1.446522216796875000e+02 7.766471099853515625e+01
1.707384179687500000e+04 9.828875976562500000e+03 3.998036132812500000e+03 2.732801513671875000e+03 1.837593261718750000e+03 1.041712402343750000e+03 5.501140747070312500e+02 3.716070251464843750e+02 2.174412994384765625e+02 1.170576171875000000e+02
1.494694628906250000e+04 7.050438964843750000e+03 2.928633789062500000e+03 2.038076049804687500e+03 1.141314941406250000e+03 5.762305297851562500e+02 3.589640502929687500e+02 1.834020385742187500e+02 1.162570571899414062e+02 6.506684875488281250e+01
1.583770312500000000e+04 4.846878906250000000e+03 9.329279785156250000e+02 6.218698730468750000e+02 2.897467346191406250e+02 1.271833801269531250e+02 6.659358215332031250e+01 2.939899444580078125e+01 1.829479789733886719e+01 7.186211109161376953e+00
2.866664062500000000e+04 1.271920996093750000e+04 3.603153320312500000e+03 2.370565429687500000e+03 1.000907226562500000e+03 6.715580444335937500e+02 3.843281250000000000e+02 1.966569976806640625e+02 1.114691314697265625e+02 5.410673522949218750e+01
1.146537890625000000e+04 7.220270507812500000e+03 3.257596679687500000e+03 1.933045776367187500e+03 1.428980957031250000e+03 9.126228027343750000e+02 4.181578674316406250e+02 3.199263000488281250e+02 2.042848510742187500e+02 1.192594299316406250e+02
9.535453125000000000e+03 4.505018554687500000e+03 1.235757446289062500e+03 6.252569580078125000e+02 3.464057617187500000e+02 2.170847473144531250e+02 9.583825683593750000e+01 4.991032791137695312e+01 2.697363090515136719e+01 1.281554508209228516e+01
2.211825390625000000e+04 9.629889648437500000e+03 4.253587890625000000e+03 2.463941894531250000e+03 1.846724609375000000e+03 9.323802490234375000e+02 5.865486450195312500e+02 2.505768432617187500e+02 1.680924224853515625e+02 8.027591705322265625e+01
2.654735156250000000e+04 9.214443359375000000e+03 3.258659912109375000e+03 2.368050048828125000e+03 1.074141601562500000e+03 8.306947631835937500e+02 3.757188110351562500e+02 2.330338287353515625e+02 1.135868988037109375e+02 4.840047073364257812e+01
2.761944921875000000e+04 7.887162597656250000e+03 2.538167968750000000e+03 1.187825683593750000e+03 7.482865600585937500e+02 3.796444702148437500e+02 1.782934417724609375e+02 1.001512374877929688e+02 4.462590789794921875e+01 2.368108940124511719e+01
2.014513085937500000e+04 1.160704882812500000e+04 3.923715332031250000e+03 3.489325439453125000e+03 1.943700439453125000e+03 1.204220214843750000e+03 7.278147583007812500e+02 4.433909301757812500e+02 2.456004486083984375e+02 1.278030700683593750e+02
1.213818750000000000e+04 5.861384277343750000e+03 1.955903442382812500e+03 1.016727966308593750e+03 8.452284545898437500e+02 4.278061828613281250e+02 2.207588348388671875e+02 1.287671356201171875e+02 6.611909484863281250e+01 4.169740295410156250e+01
2.300228515625000000e+04 6.915458496093750000e+03 2.043142578125000000e+03 1.074216186523437500e+03 5.875397338867187500e+02 3.826285095214843750e+02 1.905302581787109375e+02 1.050716934204101562e+02 5.044576644897460938e+01 2.596187210083007812e+01
1.619479199218750000e+04 7.811378906250000000e+03 2.513781250000000000e+03 1.579506347656250000e+03 9.883765869140625000e+02 6.129595947265625000e+02 3.812710571289062500e+02 1.986300048828125000e+02 1.181445617675781250e+02 6.359641265869140625e+01
1.581483300781250000e+04 9.713659179687500000e+03 4.699219726562500000e+03 2.803354492187500000e+03 2.313520996093750000e+03 1.362662963867187500e+03 7.456929321289062500e+02 4.628800659179687500e+02 3.024245300292968750e+02 1.497437744140625000e+02
1.333983203125000000e+04 6.823629882812500000e+03 2.128010986328125000e+03 1.189308593750000000e+03 8.022786254882812500e+02 4.465034484863281250e+02 2.398521575927734375e+02 1.601941375732421875e+02 1.137049255371093750e+02 3.951041412353515625e+01
1.134855273437500000e+04 4.094335449218750000e+03 1.311914306640625000e+03 7.961878051757812500e+02 4.595877685546875000e+02 2.070343933105468750e+02 1.416354980468750000e+02 8.469075012207031250e+01 3.882091140747070312e+01 2.079194259643554688e+01
2.182495703125000000e+04 1.124057519531250000e+04 6.758861816406250000e+03 5.126509765625000000e+03 3.266168457031250000e+03 2.052750488281250000e+03 1.284787719726562500e+03 8.583890380859375000e+02 5.017653198242187500e+02 2.615628662109375000e+02
1.681688476562500000e+04 8.501599609375000000e+03 3.428122070312500000e+03 2.594686035156250000e+03 1.700683837890625000e+03 7.692791137695312500e+02 6.498259277343750000e+02 3.258436279296875000e+02 2.015786132812500000e+02 1.193101501464843750e+02
9.315392578125000000e+03 6.241098632812500000e+03 2.169825439453125000e+03 1.590359252929687500e+03 1.172905029296875000e+03 6.626715698242187500e+02 4.495325927734375000e+02 2.616505432128906250e+02 1.342057342529296875e+02 7.271394348144531250e+01
1.335465625000000000e+04 5.734194335937500000e+03 1.402786010742187500e+03 9.976043701171875000e+02 4.427098999023437500e+02 2.337052001953125000e+02 1.733895721435546875e+02 8.191390991210937500e+01 3.904353713989257812e+01 1.936702537536621094e+01
1.744711132812500000e+04 6.949126464843750000e+03 1.648096801757812500e+03 1.106038085937500000e+03 5.450200195312500000e+02 2.484230804443359375e+02 1.505231781005859375e+02 6.158928680419921875e+01 3.984920501708984375e+01 1.734119987487792969e+01
1.292077343750000000e+04 5.760754882812500000e+03 2.183092529296875000e+03 1.565893676757812500e+03 9.598128051757812500e+02 4.669700012207031250e+02 3.000715026855468750e+02 1.973978424072265625e+02 9.621305847167968750e+01 5.798499298095703125e+01
1.081362792968750000e+04 5.911523437500000000e+03 2.494779541015625000e+03 1.722659545898437500e+03 1.253656372070312500e+03 6.780959472656250000e+02 3.187449951171875000e+02 2.418963012695312500e+02 1.405836639404296875e+02 7.219338226318359375e+01
2.030502929687500000e+04 4.619639160156250000e+03 1.243857910156250000e+03 6.275491943359375000e+02 3.492343750000000000e+02 1.569182281494140625e+02 8.431012725830078125e+01 4.824538040161132812e+01 2.278833389282226562e+01 9.481063842773437500e+00
1.237064746093750000e+04 4.796958007812500000e+03 1.150485351562500000e+03 7.269491577148437500e+02 4.287599182128906250e+02 2.227631072998046875e+02 1.334656066894531250e+02 6.169625473022460938e+01 2.838464355468750000e+01 1.782070159912109375e+01
2.325119726562500000e+04 9.034153320312500000e+03 4.107721679687500000e+03 2.199183837890625000e+03 1.259205810546875000e+03 9.038060302734375000e+02 4.675837707519531250e+02 3.025082092285156250e+02 1.469754180908203125e+02 7.319037628173828125e+01
2.246527343750000000e+04 1.148480175781250000e+04 4.465775390625000000e+03 3.310955566406250000e+03 1.921094970703125000e+03 1.217032104492187500e+03 6.576343383789062500e+02 3.613427124023437500e+02 2.334794006347656250e+02 1.185544738769531250e+02
1.056883300781250000e+04 5.493579101562500000e+03 2.602546142578125000e+03 2.068144042968750000e+03 1.477722900390625000e+03 7.193663940429687500e+02 4.872657165527343750e+02 3.027551879882812500e+02 1.675737152099609375e+02 8.064146423339843750e+01
1.404026953125000000e+04 6.093375488281250000e+03 3.122150634765625000e+03 1.637156005859375000e+03 9.653175048828125000e+02 5.605000610351562500e+02 3.426484375000000000e+02 1.892767181396484375e+02 8.100995635986328125e+01 5.888465118408203125e+01
8.430138671875000000e+03 3.050260742187500000e+03 1.334747070312500000e+03 7.948330078125000000e+02 5.385379638671875000e+02 2.806316833496093750e+02 1.496829833984375000e+02 7.608610534667968750e+01 5.149239349365234375e+01 1.983761978149414062e+01
3.304742968750000000e+04 1.421079882812500000e+04 4.950072753906250000e+03 3.147525634765625000e+03 1.450806030273437500e+03 1.021186279296875000e+03 5.286441650390625000e+02 2.973680419921875000e+02 1.524864349365234375e+02 9.034177398681640625e+01
1.689725585937500000e+04 9.914832031250000000e+03 2.982183105468750000e+03 2.281669921875000000e+03 1.234668945312500000e+03 7.901972656250000000e+02 5.119470214843750000e+02 2.893095397949218750e+02 1.373340301513671875e+02 8.264519500732421875e+01
9.093812500000000000e+03 4.445615722656250000e+03 1.413732055664062500e+03 9.962944946289062500e+02 4.822202758789062500e+02 3.303304748535156250e+02 1.950284423828125000e+02 1.273604049682617188e+02 7.572722625732421875e+01 3.286374664306640625e+01
9.156731445312500000e+03 4.595398437500000000e+03 1.697609008789062500e+03 1.102270141601562500e+03 6.217619018554687500e+02 3.923654174804687500e+02 2.033628692626953125e+02 1.068726119995117188e+02 5.782240295410156250e+01 2.997139358520507812e+01
2.045776171875000000e+04 1.279848144531250000e+04 3.713800292968750000e+03 3.781788085937500000e+03 1.595022949218750000e+03 1.141267456054687500e+03 7.119943847656250000e+02 4.490202941894531250e+02 2.463173370361328125e+02 1.089756927490234375e+02
1.613810351562500000e+04 9.921158203125000000e+03 4.470776367187500000e+03 2.813609375000000000e+03 1.955139160156250000e+03 1.424825805664062500e+03 7.752903442382812500e+02 5.085953369140625000e+02 2.688770751953125000e+02 1.207314376831054688e+02
1.858397070312500000e+04 6.435072753906250000e+03 2.256094970703125000e+03 1.679407714843750000e+03 8.373237304687500000e+02 4.460852661132812500e+02 2.597258605957031250e+02 1.352539672851562500e+02 7.056417846679687500e+01 3.824522399902343750e+01
1.390464062500000000e+04 8.000116699218750000e+03 4.261001953125000000e+03 2.713498046875000000e+03 1.956042968750000000e+03 1.187042846679687500e+03 6.791218261718750000e+02 4.484589538574218750e+02 2.206939697265625000e+02 1.322310333251953125e+02
1.059071679687500000e+04 2.660917236328125000e+03 8.356400146484375000e+02 3.994208984375000000e+02 1.930344848632812500e+02 1.093612136840820312e+02 7.151061248779296875e+01 2.942822647094726562e+01 1.383207225799560547e+01 5.851205348968505859e+00
1.432534863281250000e+04 5.650188476562500000e+03 2.897803710937500000e+03 1.897946777343750000e+03 9.540973510742187500e+02 5.759265747070312500e+02 3.652353820800781250e+02 2.047594299316406250e+02 1.093161468505859375e+02 5.917819976806640625e+01
1.717951757812500000e+04 1.047704101562500000e+04 3.610237548828125000e+03 2.519306884765625000e+03 1.510879028320312500e+03 9.696313476562500000e+02 4.637579040527343750e+02 3.068168640136718750e+02 1.444152069091796875e+02 9.006239318847656250e+01
1.679235546875000000e+04 5.285372558593750000e+03 1.436595947265625000e+03 7.349748535156250000e+02 4.272035217285156250e+02 1.865317840576171875e+02 1.293827056884765625e+02 6.408369445800781250e+01 3.158215141296386719e+01 1.652836227416992188e+01
1.769472070312500000e+04 8.586183593750000000e+03 2.956649169921875000e+03 1.622931518554687500e+03 7.750569458007812500e+02 4.461098022460937500e+02 2.805741271972656250e+02 1.423760833740234375e+02 7.763061523437500000e+01 4.319667434692382812e+01
1.380793164062500000e+04 5.978788574218750000e+03 2.329283203125000000e+03 1.235275756835937500e+03 7.928518066406250000e+02 4.552756958007812500e+02 2.552316589355468750e+02 1.384940490722656250e+02 6.964324951171875000e+01 3.454894256591796875e+01
9.108967773437500000e+03 6.644270019531250000e+03 2.575026367187500000e+03 2.239517089843750000e+03 1.062551391601562500e+03 7.399204711914062500e+02 5.180169677734375000e+02 2.667456665039062500e+02 1.693846893310546875e+02 8.465838623046875000e+01
1.919096484375000000e+04 9.725547851562500000e+03 4.430730468750000000e+03 3.196923339843750000e+03 1.760767700195312500e+03 1.041213012695312500e+03 6.331778564453125000e+02 4.071457824707031250e+02 2.249433898925781250e+02 1.364338378906250000e+02
2.023219531250000000e+04 7.468553710937500000e+03 2.964104003906250000e+03 1.749439941406250000e+03 9.959512939453125000e+02 6.005019531250000000e+02 3.106777648925781250e+02 1.726668701171875000e+02 9.585295104980468750e+01 4.293592834472656250e+01
2.929068359375000000e+04 1.473511621093750000e+04 5.578120605468750000e+03 4.109210449218750000e+03 2.748270019531250000e+03 1.376787353515625000e+03 9.886127929687500000e+02 5.286841430664062500e+02 3.376297912597656250e+02 1.699894409179687500e+02
1.570830371093750000e+04 5.183828613281250000e+03 1.651857666015625000e+03 1.045928222656250000e+03 5.269774780273437500e+02 2.626813659667968750e+02 1.316359252929687500e+02 7.356791687011718750e+01 4.286476516723632812e+01 1.917692756652832031e+01
1.540754492187500000e+04 1.005552636718750000e+04 4.064792480468750000e+03 2.359917480468750000e+03 1.512776000976562500e+03 1.022631835937500000e+03 6.368642578125000000e+02 3.707324523925781250e+02 2.217094116210937500e+02 1.098932418823242188e+02
1.740620312500000000e+04 7.831208496093750000e+03 2.243463623046875000e+03 1.295271362304687500e+03 6.288789062500000000e+02 4.057676391601562500e+02 1.931401977539062500e+02 1.118922958374023438e+02 6.576293182373046875e+01 2.998049926757812500e+01
1.273293359375000000e+04 6.353733886718750000e+03 2.508818359375000000e+03 1.584736328125000000e+03 8.298107299804687500e+02 5.214771118164062500e+02 2.752885131835937500e+02 1.490317077636718750e+02 7.588535308837890625e+01 4.454676437377929688e+01
2.420208203125000000e+04 1.295056054687500000e+04 4.158297851562500000e+03 2.883499023437500000e+03 1.486276733398437500e+03 8.961384277343750000e+02 4.041533203125000000e+02 2.698035278320312500e+02 1.667211914062500000e+02 8.205231475830078125e+01
1.659920898437500000e+04 8.687526367187500000e+03 3.565675048828125000e+03 2.367514648437500000e+03 1.506802368164062500e+03 8.525093383789062500e+02 5.036992187500000000e+02 3.022919006347656250e+02 1.542986907958984375e+02 9.247551727294921875e+01
1.831419140625000000e+04 9.311165039062500000e+03 3.647133544921875000e+03 2.517620361328125000e+03 1.275110351562500000e+03 6.597103881835937500e+02 3.604486083984375000e+02 2.363287658691406250e+02 1.396263275146484375e+02 6.503111267089843750e+01
9.164619140625000000e+03 5.644203125000000000e+03 2.233624023437500000e+03 1.730394165039062500e+03 1.098199462890625000e+03 7.256666259765625000e+02 4.579624633789062500e+02 2.746262817382812500e+02 1.666239166259765625e+02 9.074954223632812500e+01
1.349195117187500000e+04 1.097661914062500000e+04 3.389845458984375000e+03 3.628994628906250000e+03 1.976116577148437500e+03 1.077311157226562500e+03 7.129558105468750000e+02 3.960591430664062500e+02 2.423710632324218750e+02 1.415519561767578125e+02
1.357304980468750000e+04 6.478768066406250000e+03 2.492002929687500000e+03 1.409639160156250000e+03 8.486145629882812500e+02 4.025128479003906250e+02 3.013505554199218750e+02 1.531741027832031250e+02 8.463207244873046875e+01 3.826471710205078125e+01
1.333059277343750000e+04 4.799333007812500000e+03 1.737902587890625000e+03 7.220587768554687500e+02 5.018018798828125000e+02 2.589431762695312500e+02 1.565671081542968750e+02 8.157874298095703125e+01 3.846520233154296875e+01 2.175432205200195312e+01
1.713231445312500000e+04 6.575118164062500000e+03 2.644603515625000000e+03 1.458429809570312500e+03 1.039628784179687500e+03 5.573064575195312500e+02 3.522706298828125000e+02 1.889717407226562500e+02 1.114485397338867188e+02 5.716596984863281250e+01
1.931643359375000000e+04 1.055144824218750000e+04 3.785429687500000000e+03 2.771536376953125000e+03 1.322827880859375000e+03 7.151480102539062500e+02 5.332631835937500000e+02 2.526508331298828125e+02 1.668855285644531250e+02 7.853003692626953125e+01
1.093928613281250000e+04 5.197041503906250000e+03 1.726792602539062500e+03 1.273873535156250000e+03 6.597482910156250000e+02 3.370250549316406250e+02 1.854203948974609375e+02 1.189700241088867188e+02 6.736003875732421875e+01 3.958333969116210938e+01
1.077280078125000000e+04 3.529461669921875000e+03 1.189382080078125000e+03 6.862781982421875000e+02 3.295604248046875000e+02 1.779320831298828125e+02 8.964382171630859375e+01 4.092602157592773438e+01 2.570067214965820312e+01 1.213487434387207031e+01
1.220862500000000000e+04 6.607399902343750000e+03 2.645441894531250000e+03 1.789265991210937500e+03 9.134395751953125000e+02 5.399631958007812500e+02 3.064706115722656250e+02 1.864951934814453125e+02 8.958428955078125000e+01 6.369555664062500000e+01
1.521830175781250000e+04 9.860920898437500000e+03 4.046245361328125000e+03 2.543646484375000000e+03 1.858556152343750000e+03 1.099144409179687500e+03 7.336531982421875000e+02 4.211457519531250000e+02 2.165151062011718750e+02 1.407848663330078125e+02
1.722168164062500000e+04 9.164917968750000000e+03 4.205894531250000000e+03 3.042576904296875000e+03 2.051468261718750000e+03 1.173078125000000000e+03 6.533554077148437500e+02 4.091582641601562500e+02 2.743676147460937500e+02 1.372599334716796875e+02
2.169192773437500000e+04 1.320908593750000000e+04 3.413834228515625000e+03 2.821711425781250000e+03 1.686593750000000000e+03 8.428873291015625000e+02 5.823944702148437500e+02 3.153796386718750000e+02 1.885740356445312500e+02 8.758918762207031250e+01
1.546181152343750000e+04 5.525048828125000000e+03 2.427936523437500000e+03 1.700848999023437500e+03 8.647149658203125000e+02 5.214386596679687500e+02 3.161217956542968750e+02 1.612286682128906250e+02 1.122964477539062500e+02 4.363261413574218750e+01
1.627338085937500000e+04 7.748038085937500000e+03 3.776728759765625000e+03 2.511595947265625000e+03 1.565106323242187500e+03 9.968659667968750000e+02 4.997832031250000000e+02 2.777958984375000000e+02 1.756921386718750000e+02 9.210944366455078125e+01
2.693283398437500000e+04 1.168510546875000000e+04 4.786389160156250000e+03 3.420471191406250000e+03 1.650781372070312500e+03 1.137856933593750000e+03 6.419152221679687500e+02 3.670307617187500000e+02 2.072428894042968750e+02 1.034277038574218750e+02
1.284955761718750000e+04 4.934614257812500000e+03 2.139983398437500000e+03 9.870035400390625000e+02 5.328493652343750000e+02 3.233002319335937500e+02 1.287031707763671875e+02 8.446499633789062500e+01 4.053925323486328125e+01 2.311779594421386719e+01
7.592055175781250000e+03 4.340099121093750000e+03 1.615577026367187500e+03 1.238268676757812500e+03 6.311632080078125000e+02 3.667543029785156250e+02 2.318156280517578125e+02 1.438495635986328125e+02 8.422247314453125000e+01 4.261598968505859375e+01
1.192014160156250000e+04 5.526291015625000000e+03 2.685626464843750000e+03 1.738762817382812500e+03 1.092430664062500000e+03 5.779854125976562500e+02 4.799121704101562500e+02 2.346372528076171875e+02 1.443670349121093750e+02 6.284143066406250000e+01
1.931931250000000000e+04 1.072887011718750000e+04 4.637710937500000000e+03 2.598718994140625000e+03 1.710507446289062500e+03 9.151157836914062500e+02 5.727600708007812500e+02 3.322788085937500000e+02 2.022424316406250000e+02 9.861442565917968750e+01
1.498706250000000000e+04 8.128514648437500000e+03 3.046088378906250000e+03 2.264469970703125000e+03 9.184296875000000000e+02 7.159497070312500000e+02 4.074435729980468750e+02 2.223816833496093750e+02 1.338856048583984375e+02 7.891989898681640625e+01
1.537466113281250000e+04 8.030710449218750000e+03 2.612335449218750000e+03 1.817947265625000000e+03 9.813073120117187500e+02 5.096708984375000000e+02 3.396955566406250000e+02 1.913149261474609375e+02 1.092246932983398438e+02 5.660900878906250000e+01
4.689285156250000000e+03 2.768976074218750000e+03 8.707926025390625000e+02 7.799866943359375000e+02 4.148863220214843750e+02 2.721052246093750000e+02 1.313902282714843750e+02 7.170178222656250000e+01 3.705517196655273438e+01 2.827183151245117188e+01
1.469338476562500000e+04 6.101251953125000000e+03 2.561124755859375000e+03 2.083423339843750000e+03 1.022229125976562500e+03 6.087855224609375000e+02 4.704114685058593750e+02 2.099877624511718750e+02 1.275883483886718750e+02 6.931922912597656250e+01
1.352147656250000000e+04 7.893463867187500000e+03 3.594637939453125000e+03 1.881218505859375000e+03 1.283139526367187500e+03 8.052769165039062500e+02 4.122812500000000000e+02 2.854177856445312500e+02 1.526897277832031250e+02 8.441770935058593750e+01
