0.000000000000000000e+00
0.000000000000000000e+00
0.000000000000000000e+00
0.000000000000000000e+00
0.000000000000000000e+00
0.000000000000000000e+00
0.000000000000000000e+00
0.000000000000000000e+00
0.000000000000000000e+00
0.000000000000000000e+00
0.000000000000000000e+00
0.000000000000000000e+00
0.000000000000000000e+00
0.000000000000000000e+00
0.000000000000000000e+00
0.000000000000000000e+00
0.000000000000000000e+00
2.802596928649634142e-45
5.051680963890965541e-42
5.057227303212763167e-39
2.658750973214415595e-36
7.838455307382178638e-34
1.390625098449326812e-31
1.579529626714040223e-29
1.196347525814010617e-27
6.301790689454764651e-26
2.324810755794546094e-24
6.396084219531963718e-23
1.391842250287532445e-21
2.203165834731725588e-20
2.819463470956835850e-19
3.219696516400631296e-18
3.072913771652433824e-17
2.490973020131167625e-16
8.271527134053274864e-16
1.212823596130478104e-15
1.768495844254138524e-15
2.564816399560731867e-15
3.699808149871261845e-15
5.309382507891246064e-15
7.579967401904856572e-15
1.076139435267180200e-14
1.520259307709933422e-14
2.138338910508217477e-14
2.993272811687916479e-14
4.170366038180189916e-14
5.783467780205719944e-14
7.984192869564880764e-14
1.097300012355487257e-13
1.501465645608116017e-13
2.045639997455203640e-13
2.775209532665523504e-13
3.749319106051418604e-13
5.044577494443813759e-13
1.233268858129993317e-13
3.039192500637645511e-14
4.138133046405374140e-14
5.611712537798713152e-14
7.579927760762925071e-14
1.804930174504476570e-13
7.259910988349771443e-13
2.679580298967088048e-12
9.134710349245622751e-12
2.893243110368981519e-11
8.560362141363242472e-11
2.365332651965701416e-10
6.163578536444447309e-10
1.528893900371031123e-09
3.604791576350407509e-09
8.106945337260640372e-09
1.694412077313245391e-08
3.400928250130164088e-08
6.767785976080630048e-08
1.299240750540775480e-07
2.411712216598971281e-07
4.337904044859897112e-07
7.575488893962756265e-07
1.286789483856409788e-06
1.751469426380936056e-06
1.935112777573522180e-06
2.135897830157773569e-06
2.355212700422271155e-06
2.594539409983553924e-06
2.855469119822373614e-06
3.139686214126414112e-06
3.448971256148070097e-06
3.785256467381259003e-06
4.150556378590408713e-06
4.547027401713421568e-06
4.976964191882871091e-06
5.442790552478982136e-06
5.947081717749824747e-06
4.465114216145593673e-06
3.355934723003883846e-06
3.671361810120288706e-06
4.013043962913798168e-06
4.382853603601688519e-06
4.782795258506666869e-06
5.214968041400425136e-06
5.681606126017868519e-06
6.185060101415729150e-06
6.727817435603355989e-06
7.312489287869539112e-06
7.941872354422230273e-06
8.618864740128628910e-06
9.346512342744972557e-06
1.012808479572413489e-05
1.096689356927527115e-05
1.186653480544919148e-05
1.283078381675295362e-05
1.386346593790222129e-05
1.496882396168075502e-05
1.615106521057896316e-05
1.741463711368851364e-05
1.876440728665329516e-05
2.020512874878477305e-05
2.174209294025786221e-05
2.338060403417330235e-05
2.890802716137841344e-05
4.079571226611733437e-05
5.656156281474977732e-05
7.732670928817242384e-05
1.046136530931107700e-04
1.397515006829053164e-04
1.844660146161913872e-04
2.407320134807378054e-04
3.107837692368775606e-04
3.971226105932146311e-04
5.025223363190889359e-04
6.300232489593327045e-04
7.829333771951495517e-04
9.648170671425759792e-04
1.179477316327393055e-03
1.430948846973478794e-03
1.723470631986856244e-03
2.061453880742192268e-03
2.289732219651341438e-03
2.369456924498081207e-03
2.451329724863171577e-03
2.535394625738263130e-03
2.621690742671489716e-03
2.710248110815882683e-03
2.801117021590471268e-03
2.894322853535413742e-03
2.989908680319786072e-03
3.087918041273951530e-03
3.188379807397723198e-03
3.291345667093992233e-03
3.396846121177077293e-03
3.453353885561227798e-03
3.458769293501973152e-03
3.464187961071729660e-03
3.469610353931784630e-03
3.475034609436988397e-03
3.480472136288881302e-03
3.485911758616566658e-03
3.491364652290940285e-03
3.496821271255612373e-03
3.502286272123456001e-03
3.507753135636449294e-03
3.513228613883256479e-03
3.518705721944570975e-03
3.524194937199354172e-03
3.529691137373447418e-03
3.535195719450712204e-03
3.540707286447286172e-03
3.546220483258366585e-03
3.551737405359745026e-03
3.557259449735284285e-03
3.562796860933303833e-03
3.568337764590978189e-03
3.573888912796974182e-03
3.579447278752923012e-03
3.585003782063722610e-03
3.590577514842152596e-03
3.596147987991571426e-03
3.601718461140989824e-03
3.607311286032199860e-03
3.612912958487868743e-03
3.618507646024227142e-03
3.624114440754055977e-03
3.629736835137009621e-03
3.635345492511987686e-03
3.640974871814250512e-03
3.646613098680973053e-03
3.652249695733189583e-03
3.657898167148232460e-03
3.663557348772882982e-03
3.669213037937879129e-03
3.674880834296345711e-03
3.680548863485455513e-03
3.686230629682540894e-03
3.691917750984430313e-03
3.697617212310432954e-03
3.703314810991287231e-03
3.709023119881748719e-03
3.714738180860877037e-03
3.720449749380350113e-03
3.726184368133544922e-03
3.731917124241590934e-03
3.737662220373749733e-03
3.743411041796207428e-03
3.749161260202527480e-03
3.754927543923258781e-03
3.760690102353692055e-03
3.766461741179227829e-03
3.772243857383728461e-03
3.778036683797836304e-03
3.783829277381300926e-03
3.789638169109821320e-03
3.795443102717399597e-03
3.801251528784632683e-03
3.807076252996921539e-03
3.812904469668865638e-03
3.818741533905267282e-03
3.824585583060979843e-03
3.830436849966645241e-03
3.836295334622263908e-03
3.842157078906893730e-03
3.848024178296327591e-03
3.853898495435714722e-03
3.859783522784709930e-03
3.865673905238509178e-03
3.871573368087410927e-03
3.877477953210473061e-03
3.883384168148041205e-03
3.889297600835561752e-03
3.895227564498782592e-03
3.901160787791013718e-03
4.737849521916359663e-04
5.883255653316155076e-05
6.159081385703757405e-05
6.446000770665705204e-05
6.744407437508925796e-05
7.054630259517580271e-05
7.377095607807861134e-05
7.712197111686691642e-05
8.060313848545774817e-05
8.421895472565665841e-05
8.797313785180449486e-05
9.000406862469388679e-05
9.019912249641492963e-05
9.039477299666032195e-05
9.059084550244733691e-05
9.078725997824221849e-05
9.098401642404496670e-05
9.118093294091521338e-05
9.137810411630199715e-05
9.157604654319584370e-05
9.177407628158107400e-05
9.197270264849068090e-05
9.217167098540814086e-05
9.237071935785934329e-05
9.257046622224153443e-05
9.277019853470847011e-05
9.297080396208912134e-05
9.317130752606316046e-05
9.337251685792580247e-05
9.357406815979629755e-05
9.377578680869191885e-05
9.397785470355302095e-05
9.418080298928542570e-05
9.438364941161125898e-05
9.458693239139392972e-05
9.479083382757380605e-05
9.499472798779608174e-05
9.519941522739827633e-05
9.540409519104287028e-05
9.560911712469533086e-05
9.581495396560057998e-05
9.602095087757335468e-05
9.622730431146919727e-05
9.643418889027088881e-05
9.664142999099567533e-05
9.684883843874557451e-05
9.705650882096961141e-05
9.726471034809947014e-05
9.747364674694836140e-05
9.768246673047543927e-05
9.789201430976389483e-05
9.810182382352651521e-05
9.831208444666117430e-05
9.852260700426995754e-05
9.873339877231046557e-05
9.894472896121443673e-05
9.915632108459249139e-05
9.936893911799415946e-05
9.958144073607400060e-05
9.979429887607693672e-05
1.000075208139605820e-04
1.002212957246229053e-04
1.004349469440057738e-04
1.006497259368188679e-04
1.008648760034702718e-04
1.010799023788422346e-04
1.012953871395438910e-04
1.015115194604732096e-04
1.017276372294873135e-04
1.019445990095846355e-04
1.021620264509692788e-04
1.023797158268280463e-04
1.025977762765251100e-04
1.028161059366539121e-04
1.030349958455190198e-04
1.032539585139602423e-04
1.034736851579509676e-04
1.036935791489668326e-04
1.039142371155321734e-04
1.041349751176312566e-04
1.043561715050600469e-04
1.045776443788781762e-04
1.047997866407968104e-04
1.050220016622915864e-04
1.052448860718868673e-04
1.054681415553204715e-04
1.056921755662187934e-04
1.059158748830668628e-04
1.061406583175994456e-04
1.063654053723439574e-04
1.065907345036975904e-04
1.068163401214405759e-04
1.070424186764284968e-04
1.072687737178057432e-04
1.074961182894185185e-04
1.077232300303876400e-04
1.079508147086016834e-04
1.081789887393824756e-04
1.084073301171883941e-04
1.086367774405516684e-04
1.088662975234910846e-04
1.090957812266424298e-04
1.093260580091737211e-04
1.095566185540519519e-04
1.097876593121327460e-04
1.100191875593736768e-04
1.102512032957747579e-04
1.104834009311161935e-04
1.107159696402959526e-04
1.109490403905510902e-04
1.111824822146445377e-04
1.114167462219484150e-04
1.116508574341423810e-04
1.118859945563599467e-04
1.121210952987894416e-04
1.123569018091075122e-04
1.125932103605009615e-04
1.128295771195553243e-04
1.130662276409566402e-04
1.133034820668399334e-04
1.135416678152978420e-04
1.137797080446034670e-04
1.140186795964837074e-04
1.142574910772964494e-04
1.144970301538705826e-04
1.147367438534274697e-04
1.149771705968305469e-04
1.152179975179024041e-04
1.154592173406854272e-04
1.157011647592298687e-04
1.159429521067067981e-04
1.161855834652669728e-04
1.164286077255383134e-04
1.166716901934705675e-04
1.169157330878078938e-04
1.171600597444921732e-04
1.174045610241592066e-04
1.176499135908670859e-04
1.178954335046000779e-04
1.181412444566376507e-04
1.183876811410300434e-04
1.186346344184130430e-04
1.188820970128290355e-04
1.191295159514993429e-04
1.193778953165747090e-04
1.196264565805904567e-04
1.198757672682404383e-04
1.201253617182374001e-04
1.203747888212092221e-04
1.206255401484668255e-04
1.208762405440211296e-04
1.211276830872520940e-04
1.213791911141015454e-04
1.216316886711865664e-04
1.218840116052888198e-04
1.221370912389829755e-04
1.223909348482266068e-04
1.226447056978940964e-04
1.228994806297123432e-04
1.231544447364285588e-04
1.234096853295341134e-04
1.236654643435031176e-04
1.239217672264203429e-04
1.241782447323203087e-04
1.244357408722862601e-04
1.246930478373542428e-04
1.249514752998948097e-04
1.252097281394526362e-04
1.254685193998739123e-04
1.257280819118022919e-04
1.259882992599159479e-04
1.262482255697250366e-04
1.265093887923285365e-04
1.267707557417452335e-04
1.270322827622294426e-04
1.272945955861359835e-04
1.275570830330252647e-04
1.278198615182191133e-04
1.280836877413094044e-04
1.283479214180260897e-04
1.286122133024036884e-04
1.288775383727625012e-04
1.291428052354604006e-04
1.294082467211410403e-04
1.296750851906836033e-04
1.299417490372434258e-04
1.302091986872255802e-04
1.304768229601904750e-04
1.307453785557299852e-04
1.310137304244562984e-04
1.312828826485201716e-04
1.315526023972779512e-04
1.318226131843402982e-04
1.320936717092990875e-04
1.323648029938340187e-04
1.326360943494364619e-04
1.329082151642069221e-04
1.331807434326037765e-04
1.334533444605767727e-04
1.337272551609203219e-04
1.340010931016877294e-04
1.342754840152338147e-04
1.345504424534738064e-04
1.348260993836447597e-04
1.351011596852913499e-04
1.353776751784607768e-04
1.356543798465281725e-04
1.359315065201371908e-04
1.362095936201512814e-04
1.364882627967745066e-04
1.367668301099911332e-04
1.370458485325798392e-04
1.373253035126253963e-04
1.376057189190760255e-04
1.378867164021357894e-04
1.381680049235001206e-04
1.384496281389147043e-04
1.387318043271079659e-04
1.390144316246733069e-04
1.392971025779843330e-04
1.395808794768527150e-04
1.398649619659408927e-04
1.401497720507904887e-04
1.404350186930969357e-04
1.407205709256231785e-04
1.410067197866737843e-04
1.412930287187919021e-04
1.415798033121973276e-04
1.418678148183971643e-04
1.421558845322579145e-04
1.424444053554907441e-04
1.427335082553327084e-04
1.430230477126315236e-04
1.433129218639805913e-04
1.436035090591758490e-04
1.438948238501325250e-04
1.441861822968348861e-04
1.444783993065357208e-04
1.447709364583715796e-04
1.450639392714947462e-04
1.453578006476163864e-04
1.456517056794837117e-04
1.459463383071124554e-04
1.462416985305026174e-04
1.465373934479430318e-04
1.468335394747555256e-04
1.471302821300923824e-04
1.474272139603272080e-04
1.477243058616295457e-04
1.480227219872176647e-04
1.483214437030255795e-04
1.514839968876913190e-04
1.576763897901400924e-04
1.640817063162103295e-04
1.707074843579903245e-04
1.775584969436749816e-04
1.993887417484074831e-04
2.410796150797977773e-04
2.898813108913600445e-04
3.453796962276101112e-04
4.094210453331470490e-04
4.848245880566536838e-04
5.713735590688884258e-04
6.702675018459558487e-04
7.827754598110914230e-04
9.102402837015688419e-04
1.054065534844994545e-03
1.215718570165336132e-03
1.396723673678934574e-03
1.598663744516670704e-03
1.823171856813132763e-03
2.071920549497008324e-03
2.346627181395888329e-03
2.649041125550866127e-03
2.980940276756882668e-03
3.344117430970072746e-03
3.740402637049555779e-03
3.996165934950113297e-03
4.083857405930757523e-03
4.172999411821365356e-03
4.263609182089567184e-03
4.355709068477153778e-03
4.449304193258285522e-03
4.544411785900592804e-03
4.641052335500717163e-03
4.739234689623117447e-03
4.838968161493539810e-03
4.940275568515062332e-03
5.043169483542442322e-03
5.147668998688459396e-03
5.253772716969251633e-03
5.361523944884538651e-03
5.470900796353816986e-03
5.581947043538094434e-03
5.694660823792219162e-03
5.809060763567685214e-03
5.925165023654699326e-03
6.042985245585441589e-03
6.162525154650211334e-03
6.283818278461695585e-03
6.406866479665040970e-03
6.531682331115007401e-03
6.658291909843683243e-03
6.786691956222057343e-03
6.916908547282218066e-03
7.048947736620902148e-03
7.182839792221784592e-03
7.318577263504266739e-03
7.456172257661820325e-03
7.592620328068733215e-03
7.730864919722081098e-03
7.874044589698314667e-03
8.019149303436279297e-03
8.166195824742317200e-03
8.315169252455234528e-03
8.466121740639209747e-03
8.619050495326519012e-03
8.773950859904289246e-03
8.930847048759460449e-03
9.089746512472629547e-03
9.250679984688758850e-03
9.413667023181915283e-03
9.578704833984375000e-03
9.745785035192966461e-03
9.914932772517204285e-03
1.008618995547294617e-02
1.025952398777008057e-02
1.043498143553733826e-02
1.061255857348442078e-02
1.079227775335311890e-02
8.185923099517822266e-03
6.213097833096981049e-03
6.326109636574983597e-03
6.440636701881885529e-03
6.556690204888582230e-03
6.674287375062704954e-03
6.793436128646135330e-03
6.914142053574324522e-03
7.036428432911634445e-03
7.160307839512825012e-03
7.285770494490862760e-03
7.412848062813282013e-03
7.541534490883350372e-03
7.671855390071869764e-03
7.803817279636859894e-03
7.937439717352390289e-03
8.072711527347564697e-03
8.209662511944770813e-03
8.348299190402030945e-03
8.488617837429046631e-03
8.630643598735332489e-03
8.774385787546634674e-03
8.919853717088699341e-03
9.067058563232421875e-03
9.216003119945526123e-03
9.366719983518123627e-03
9.519202634692192078e-03
9.985171258449554443e-03
1.080152858048677444e-02
1.166428253054618835e-02
1.257460191845893860e-02
1.353357918560504913e-02
1.454233936965465546e-02
1.560186035931110382e-02
1.671314239501953125e-02
1.787707395851612091e-02
1.908538863062858582e-02
2.034690603613853455e-02
2.167260460555553436e-02
2.305393293499946594e-02
2.449150383472442627e-02
2.598584629595279694e-02
2.753738500177860260e-02
2.914655022323131561e-02
3.014400228857994080e-02
3.047979064285754811e-02
3.081788681447505604e-02
3.115830570459366192e-02
3.150105848908424377e-02
3.184616938233375549e-02
3.219357505440711975e-02
3.254335373640060425e-02
3.289544582366943359e-02
3.324986994266510010e-02
3.360665589570999146e-02
3.396576642990112305e-02
3.432721272110939026e-02
3.469100221991539001e-02
3.505716472864151001e-02
3.542564064264297485e-02
3.579644486308097839e-02
3.616962954401969910e-02
3.654516860842704773e-02
3.692300990223884583e-02
3.730323165655136108e-02
3.639550134539604187e-02
3.551046550273895264e-02
3.587588667869567871e-02
3.624353930354118347e-02
3.661344945430755615e-02
3.698566183447837830e-02
3.736010566353797913e-02
3.773679584264755249e-02
3.811581060290336609e-02
3.831584006547927856e-02
3.833492100238800049e-02
3.835400938987731934e-02
3.837306052446365356e-02
3.839217871427535317e-02
3.841124102473258972e-02
3.843034058809280396e-02
3.844944015145301819e-02
3.846855834126472473e-02
3.848767653107643127e-02
3.850677609443664551e-02
3.852591291069984436e-02
3.854500502347946167e-02
3.856416046619415283e-02
3.858330845832824707e-02
3.860247507691383362e-02
3.862160444259643555e-02
3.864075243473052979e-02
3.865990042686462402e-02
3.867914155125617981e-02
3.869828209280967712e-02
3.871745243668556213e-02
3.873664885759353638e-02
3.875583410263061523e-02
3.877502307295799255e-02
3.879423812031745911e-02
3.881343454122543335e-02
3.883267566561698914e-02
3.885189443826675415e-02
3.887112811207771301e-02
3.889032453298568726e-02
3.890958055853843689e-02
3.892877697944641113e-02
3.894807025790214539e-02
3.896733373403549194e-02
3.898659721016883850e-02
3.900587931275367737e-02
3.902512416243553162e-02
3.904439136385917664e-02
3.906368464231491089e-02
3.908296674489974976e-02
3.910226002335548401e-02
3.912155330181121826e-02
3.914085775613784790e-02
3.916016966104507446e-02
3.917950019240379333e-02
3.919881209731102684e-02
3.921811655163764954e-02
3.923745825886726379e-02
3.925679996609687805e-02
3.927614912390708923e-02
3.929553180932998657e-02
3.931487351655960083e-02
3.933418542146682739e-02
3.935358300805091858e-02
3.937297314405441284e-02
3.939234465360641479e-02
3.941173478960990906e-02
3.943112492561340332e-02
3.945051506161689758e-02
3.946992382407188416e-02
3.948932141065597534e-02
3.950873017311096191e-02
3.952813148498535156e-02
3.954758867621421814e-02
3.956702351570129395e-02
3.958648070693016052e-02
3.960588946938514709e-02
3.962532803416252136e-02
3.964478522539138794e-02
3.966424241662025452e-02
3.968371078372001648e-02
3.970318660140037537e-02
3.972264379262924194e-02
3.974213078618049622e-02
3.976162523031234741e-02
3.978108987212181091e-02
3.980061411857604980e-02
3.982011973857879639e-02
3.983963653445243835e-02
3.985914960503578186e-02
3.987863659858703613e-02
3.989814221858978965e-02
3.991771489381790161e-02
3.993722051382064819e-02
3.995676338672637939e-02
3.997634351253509521e-02
3.999590501189231179e-02
4.001544043421745300e-02
4.003500193357467651e-02
4.005457460880278847e-02
4.007413983345031738e-02
4.009374976158142090e-02
4.011334106326103210e-02
4.013292118906974792e-02
4.015252366662025452e-02
4.017211496829986572e-02
4.019171372056007385e-02
4.021136462688446045e-02
4.023095592856407166e-02
4.025061428546905518e-02
3.358078002929687500e-02
2.801680006086826324e-02
2.803158573806285858e-02
2.804637327790260315e-02
2.806120179593563080e-02
2.807600609958171844e-02
2.809082344174385071e-02
2.810565382242202759e-02
2.812047488987445831e-02
2.813529409468173981e-02
2.815011702477931976e-02
2.816496603190898895e-02
2.817982435226440430e-02
2.819467522203921925e-02
2.820953540503978729e-02
2.822441048920154572e-02
2.823925949633121490e-02
2.825412154197692871e-02
2.826900593936443329e-02
2.842535637319088329e-02
2.872494980692863464e-02
2.902654372155666351e-02
2.933009341359138142e-02
2.935987710952758789e-02
2.938910946249961853e-02
2.969420142471790314e-02
3.000125847756862640e-02
3.031028993427753448e-02
3.062131442129611969e-02
3.093432262539863586e-02
3.124929964542388569e-02
3.156626597046852112e-02
3.188524395227432251e-02
3.220619633793830872e-02
3.252914175391197205e-02
3.285407647490501404e-02
3.318100422620773315e-02
3.350992500782012939e-02
3.384084627032279968e-02
3.417375683784484863e-02
3.450866788625717163e-02
3.484556451439857483e-02
3.518448397517204285e-02
3.552537038922309875e-02
3.586828336119651794e-02
3.621317073702812195e-02
3.656007349491119385e-02
3.690895065665245056e-02
3.796358406543731689e-02
3.976792097091674805e-02
4.162216559052467346e-02
4.352618753910064697e-02
4.547996446490287781e-02
4.748322442173958519e-02
4.953581839799880981e-02
5.163449421525001526e-02
5.378171429038047097e-02
5.598037689924240112e-02
5.822703614830971458e-02
6.052132323384284279e-02
6.286282092332839966e-02
6.525106728076934814e-02
6.768552213907241821e-02
7.016565650701522827e-02
7.269091159105300903e-02
7.526066154241561890e-02
7.787431776523590088e-02
8.053120970726013184e-02
8.323067426681518555e-02
8.597205579280853271e-02
8.875455707311630249e-02
9.157754480838775635e-02
9.433303773403167725e-02
9.712179005146026611e-02
1.000564917922019958e-01
1.030284687876701355e-01
1.060370132327079773e-01
1.090813055634498596e-01
1.121604070067405562e-01
1.152735128998756409e-01
1.184198483824729781e-01
1.215984448790550371e-01
1.248085796833038469e-01
1.277449280023574829e-01
1.306988298892974854e-01
1.339878141880035400e-01
1.373049169778823853e-01
1.406491398811340332e-01
1.440197378396987915e-01
1.474156677722930908e-01
1.508361846208572388e-01
1.542803198099136353e-01
1.577473729848861694e-01
1.612363308668136597e-01
1.647463440895080566e-01
1.682766079902648926e-01
1.718261688947677612e-01
1.753943562507629395e-01
1.789800971746444702e-01
1.825827509164810181e-01
1.862014532089233398e-01
1.898352950811386108e-01
1.934835314750671387e-01
1.971453130245208740e-01
2.008198946714401245e-01
2.045065611600875854e-01
2.082043290138244629e-01
2.119126468896865845e-01
2.156306803226470947e-01
2.193577140569686890e-01
2.230928987264633179e-01
2.268356382846832275e-01
2.305851727724075317e-01
2.343408465385437012e-01
2.381019741296768188e-01
2.418677657842636108e-01
2.456376552581787109e-01
2.494110018014907837e-01
2.531871795654296875e-01
2.569654285907745361e-01
2.607452869415283203e-01
2.645260989665985107e-01
2.683072388172149658e-01
2.720881700515747070e-01
2.758682072162628174e-01
2.796470522880554199e-01
2.834239602088928223e-01
2.871983945369720459e-01
2.909698188304901123e-01
2.947379350662231445e-01
2.872990071773529053e-01
2.800925672054290771e-01
2.837603986263275146e-01
2.874257564544677734e-01
2.910882830619812012e-01
2.947475016117095947e-01
2.984030544757843018e-01
3.020542860031127930e-01
3.057010471820831299e-01
3.093426525592803955e-01
3.129788041114807129e-01
3.166091442108154297e-01
3.202331960201263428e-01
3.238505423069000244e-01
3.274610936641693115e-01
3.310640752315521240e-01
3.346594274044036865e-01
3.382467627525329590e-01
3.418256938457489014e-01
3.453959524631500244e-01
3.489570617675781250e-01
3.525090217590332031e-01
3.560512363910675049e-01
3.595835268497467041e-01
3.631057441234588623e-01
3.666174113750457764e-01
3.701184093952178400e-01
3.736084401607513428e-01
3.770872652530670166e-01
3.805546760559082031e-01
3.840104043483734131e-01
3.874542117118835449e-01
3.908859491348266602e-01
3.943053781986236017e-01
3.977123498916625977e-01
4.011065959930419922e-01
4.044879674911499023e-01
4.078563749790191650e-01
4.112114906311035156e-01
4.145532548427581787e-01
4.178814291954040527e-01
4.211959540843963623e-01
4.235121905803680420e-01
4.248301982879638117e-01
4.261460304260253906e-01
4.274595975875854492e-01
4.287708699703216553e-01
4.300799369812011719e-01
4.313867986202240545e-01
4.326912462711334229e-01
4.339934885501861572e-01
4.352934956550598145e-01
4.365911185741424005e-01
4.378865063190460205e-01
4.391795694828033447e-01
4.404702782630920410e-01
4.417585432529448908e-01
4.430447220802307129e-01
4.443283975124359686e-01
4.456098079681396484e-01
4.468888342380523682e-01
4.481654763221740723e-01
4.494397342205047052e-01
4.507117271423339844e-01
4.519812762737274170e-01
4.521443843841552734e-01
4.523048996925354004e-01
4.535675048828125000e-01
4.548278748989104669e-01
4.560858011245727539e-01
4.573413729667663574e-01
4.585944712162017822e-01
4.598452746868134100e-01
4.610936343669891913e-01
4.623396098613739569e-01
4.635831713676452637e-01
4.648244082927703857e-01
4.660631418228149414e-01
4.672994315624236505e-01
4.685333669185638428e-01
4.697648286819457453e-01
4.709938466548919678e-01
4.722205698490142267e-01
4.734447896480559748e-01
4.746664464473724365e-01
4.758857786655425470e-01
4.771026074886322021e-01
4.792225956916809082e-01
4.822432994842529297e-01
4.852485656738281805e-01
4.882384240627288818e-01
4.912128746509552002e-01
4.941717088222503662e-01
4.971150457859039307e-01
5.000430345535278320e-01
5.029553174972534180e-01
5.058519840240478516e-01
5.087330341339111328e-01
5.115985274314880371e-01
5.144484043121337891e-01
5.172826647758483887e-01
5.201013088226318359e-01
5.229043364524841309e-01
5.256916880607604980e-01
5.284634828567504883e-01
5.312196612358093262e-01
5.339602828025817871e-01
5.366853475570678711e-01
5.393947362899780273e-01
5.420888066291809082e-01
5.447671413421630859e-01
5.474300980567932129e-01
5.500775575637817383e-01
5.527095198631286621e-01
5.553261041641235352e-01
5.579273104667663574e-01
5.605131387710571289e-01
5.630837082862854004e-01
5.656390786170959473e-01
5.681791305541992188e-01
5.707039237022399902e-01
5.732135772705078125e-01
5.757082104682922363e-01
5.781877040863037109e-01
5.806521773338317871e-01
5.831017494201660156e-01
5.855363011360168457e-01
5.879560708999633789e-01
5.903609395027160645e-01
5.917997360229492188e-01
5.922771096229553223e-01
5.927539467811584473e-01
5.932302474975585938e-01
5.937058925628662109e-01
5.941809415817260742e-01
5.946554541587829590e-01
5.951293706893920898e-01
5.956026315689086914e-01
5.960753560066223145e-01
5.965475440025329590e-01
5.970190763473510742e-01
5.974900722503662109e-01
5.979604125022888184e-01
5.984302163124084473e-01
5.988994836807250977e-01
5.993681550025939941e-01
5.998361110687255859e-01
6.003035902976989746e-01
6.007704734802246094e-01
6.012368202209472656e-01
6.017025709152221680e-01
6.021676659584045410e-01
6.026322841644287109e-01
6.030962467193603516e-01
5.891975164413452148e-01
5.756345987319946289e-01
5.761081576347351074e-01
5.765810608863830566e-01
5.770534873008728027e-01
5.775253772735595703e-01
5.779966711997985840e-01
5.784673690795898438e-01
5.789376497268676758e-01
5.794073343276977539e-01
5.798764228820800781e-01
5.803450345993041992e-01
5.808131098747253418e-01
5.812805891036987305e-01
5.817475318908691406e-01
5.822139382362365723e-01
5.826798677444458008e-01
5.831452012062072754e-01
5.836099982261657715e-01
5.840741991996765137e-01
5.845379829406738281e-01
5.850011110305786133e-01
5.854637622833251953e-01
5.859258770942687988e-01
5.863874554634094238e-01
5.868484377861022949e-01
5.873089432716369629e-01
5.877688527107238770e-01
5.882282853126525879e-01
5.886871814727783203e-01
5.891454815864562988e-01
5.896033048629760742e-01
5.900605320930480957e-01
5.905172824859619141e-01
5.909734964370727539e-01
5.914291143417358398e-01
5.918842554092407227e-01
5.923388600349426270e-01
5.927928686141967773e-01
5.932463407516479492e-01
5.936993360519409180e-01
5.941517949104309082e-01
5.946037173271179199e-01
5.950551629066467285e-01
5.955060124397277832e-01
5.968527793884277344e-01
5.990911722183227539e-01
6.013163924217224121e-01
6.035284399986267090e-01
6.057273745536804199e-01
6.079132556915283203e-01
6.100862026214599609e-01
6.122460961341857910e-01
6.143931150436401367e-01
6.165273785591125488e-01
6.186487674713134766e-01
6.207574605941772461e-01
6.228533983230590820e-01
6.249368190765380859e-01
6.270076036453247070e-01
6.290657520294189453e-01
6.311116814613342285e-01
6.331450343132019043e-01
6.351661682128906250e-01
6.371749043464660645e-01
6.391714215278625488e-01
6.411558389663696289e-01
6.431280970573425293e-01
6.450883150100708008e-01
6.470365524291992188e-01
6.489728093147277832e-01
6.508972048759460449e-01
6.528098583221435547e-01
6.547107100486755371e-01
6.565998792648315430e-01
6.584774255752563477e-01
6.603433489799499512e-01
6.621978282928466797e-01
6.640407443046569824e-01
6.658723950386047363e-01
6.676926612854003906e-01
6.695016622543334961e-01
6.712994575500488281e-01
6.730861663818359375e-01
6.748617887496948242e-01
6.766263246536254883e-01
6.783798933029174805e-01
6.801226735115051270e-01
6.818545460700988770e-01
6.835756301879882812e-01
6.852860450744628906e-01
6.869857907295227051e-01
6.886748671531677246e-01
6.903535127639770508e-01
6.920216679573059082e-01
6.936793923377990723e-01
6.953268051147460938e-01
6.969639658927917480e-01
6.985908746719360352e-01
6.997251510620117188e-01
7.003700733184814453e-01
7.010135650634765625e-01
7.016554474830627441e-01
7.022956609725952148e-01
7.029343247413635254e-01
7.035713791847229004e-01
7.042067646980285645e-01
7.048406004905700684e-01
7.054728865623474121e-01
7.061035037040710449e-01
7.067326307296752930e-01
7.073601484298706055e-01
7.079860568046569824e-01
7.086104154586791992e-01
7.092332243919372559e-01
7.098545432090759277e-01
7.104741334915161133e-01
7.110923528671264648e-01
7.117088437080383301e-01
7.123239040374755859e-01
7.129374146461486816e-01
7.135493755340576172e-01
7.141597867012023926e-01
7.147686481475830078e-01
7.153760194778442383e-01
7.159818410873413086e-01
7.165861725807189941e-01
7.171889543533325195e-01
7.177902460098267712e-01
7.183900475502014160e-01
7.189882993698120117e-01
7.195851206779479980e-01
7.201803326606750488e-01
7.207741737365722656e-01
7.213664650917053223e-01
7.219572663307189941e-01
7.225465774536132812e-01
7.231344580650329590e-01
7.237207889556884766e-01
7.243056893348693848e-01
7.248891592025756836e-01
7.254711389541625977e-01
7.260516285896301270e-01
7.266306877136229359e-01
7.272083163261413574e-01
7.277844548225402832e-01
7.283591628074645996e-01
7.289324402809143066e-01
7.295042276382446289e-01
7.300746440887451172e-01
7.306436300277709961e-01
7.312111854553222656e-01
7.317772507667542614e-01
7.323419451713562012e-01
7.329052090644836426e-01
7.334671020507812500e-01
7.340275645256042480e-01
7.345865964889526367e-01
7.351442575454711914e-01
7.357004880905151367e-01
7.362553477287292480e-01
7.368087768554687500e-01
7.373608946800231934e-01
7.379115819931030273e-01
7.384608983993530273e-01
7.390088438987731934e-01
7.395554184913636364e-01
7.401006221771240234e-01
7.406444549560546875e-01
7.411869168281555176e-01
7.417280077934265137e-01
7.422677278518676758e-01
7.428061366081237793e-01
7.433432340621948242e-01
7.438789010047912598e-01
7.444132566452025257e-01
7.449462413787841797e-01
7.454779744148254395e-01
7.460083365440368652e-01
7.465373873710632324e-01
7.470651268959045410e-01
7.475914359092712402e-01
7.481164932250976562e-01
7.486402988433837891e-01
7.491627335548399769e-01
7.496839165687559925e-01
7.502037286758422852e-01
7.507222890853881836e-01
7.512395381927490234e-01
7.517554759979248047e-01
7.522701025009155273e-01
7.527834773063659668e-01
7.532956004142761230e-01
7.538064122200012207e-01
7.543159127235412598e-01
7.548242211341857910e-01
7.553311586380004883e-01
7.558369040489196777e-01
7.563413977622984730e-01
7.568445205688476562e-01
7.573464512825012207e-01
7.578471899032592773e-01
7.583466172218322754e-01
7.588448524475097656e-01
7.593417763710021973e-01
7.598375082015991211e-01
7.603319287300109863e-01
7.608252167701721191e-01
7.613171935081481934e-01
7.618080377578735352e-01
7.622976303100585938e-01
7.627859711647033691e-01
7.632730007171630859e-01
7.637589573860168457e-01
7.642436623573303223e-01
7.647271752357482910e-01
7.652094364166259766e-01
7.656905651092529297e-01
7.661705017089843750e-01
7.670063972473144531e-01
7.681956887245178223e-01
7.693777084350585938e-01
7.705522775650024414e-01
7.717196345329284668e-01
7.728797197341918945e-01
7.740325927734375000e-01
7.751783728599548340e-01
7.763171195983886719e-01
7.774486541748046875e-01
7.785733342170715332e-01
7.796910405158996582e-01
7.808018326759338379e-01
7.819057106971740723e-01
7.830028533935546875e-01
7.780587077140808105e-01
7.731630206108093262e-01
7.742740511894226074e-01
7.753784656524658203e-01
7.764763236045837402e-01
7.775676250457763672e-01
7.786524295806884766e-01
7.797307968139648438e-01
7.808027267456054688e-01
7.818682193756103516e-01
7.829274535179138184e-01
7.839803099632263184e-01
7.850269675254821777e-01
7.860674262046813965e-01
7.871016860008239746e-01
7.881297469139099121e-01
7.891518473625183105e-01
7.901678085327148438e-01
7.911777496337890625e-01
7.921817302703857422e-01
7.931798100471496582e-01
7.941719293594360352e-01
7.951582670211791992e-01
7.961387038230895996e-01
7.971134185791015625e-01
7.980822920799255371e-01
7.990455627441406250e-01
8.000031113624572754e-01
8.009550571441650391e-01
8.019013404846191406e-01
8.028421401977539062e-01
8.037773370742797852e-01
8.047071099281311035e-01
8.056313991546630859e-01
8.065503239631652832e-01
8.074637651443481445e-01
8.083719611167907715e-01
8.092747926712036133e-01
8.101723790168762207e-01
8.110647201538085938e-01
8.119518160820007324e-01
8.128337860107421875e-01
8.137106299400329590e-01
8.145822882652282715e-01
8.154489398002624512e-01
8.163105249404907227e-01
8.171671032905578613e-01
8.180187344551087536e-01
8.188654184341430664e-01
8.197071552276611328e-01
8.205440640449523926e-01
8.213761448860168457e-01
8.222033381462097168e-01
8.230258226394653320e-01
8.238435387611389160e-01
8.246565461158752441e-01
8.254647850990295410e-01
8.262684941291809082e-01
8.270674943923950195e-01
8.278619647026062012e-01
8.286517858505249023e-01
8.294371366500854492e-01
8.302179574966430664e-01
8.309943079948425293e-01
8.317661881446838379e-01
8.325336575508117676e-01
8.332967758178710938e-01
8.340555429458618164e-01
8.348098993301391602e-01
8.355600237846374512e-01
8.361980915069580078e-01
8.368321061134338379e-01
8.375700712203979492e-01
8.383038043975830078e-01
8.390334248542785645e-01
8.397589325904846191e-01
8.404802680015562855e-01
8.411974906921386719e-01
8.419107198715209961e-01
8.426198959350584827e-01
8.433250188827513538e-01
8.440262079238891602e-01
8.447234630584716797e-01
8.454167842864990234e-01
8.461061716079711914e-01
8.467917442321777344e-01
8.474733829498291016e-01
8.481512665748596191e-01
8.488252758979797363e-01
8.494955897331237793e-01
8.501621484756469727e-01
8.508248925209045410e-01
8.514840006828308105e-01
8.521394133567810059e-01
8.527911901473999023e-01
8.534393310546875000e-01
8.540838360786437988e-01
8.547247648239135742e-01
8.553621172904968262e-01
8.559959530830383301e-01
8.566262722015380859e-01
8.572531342506408691e-01
8.578764796257019043e-01
8.584963679313659668e-01
8.591128587722778320e-01
8.597259521484375000e-01
8.603356480598450817e-01
8.609419465065001331e-01
8.615449666976928711e-01
8.621446490287780762e-01
8.627410531044006348e-01
8.633341193199157715e-01
8.639239668846130371e-01
8.645105957984924316e-01
8.650940060615539551e-01
8.656741976737976074e-01
8.662512898445129395e-01
8.668251633644105114e-01
8.673959374427795410e-01
8.679636120796203613e-01
8.685281872749328613e-01
8.690896630287170410e-01
8.696480989456176758e-01
8.702035546302795410e-01
8.707559108734130859e-01
8.713053464889525257e-01
8.718517422676087536e-01
8.723952174186707653e-01
8.729357719421387829e-01
8.734734058380125843e-01
8.740081191062927246e-01
8.745399713516235352e-01
8.750689625740051270e-01
8.755950927734375000e-01
8.761183619499206543e-01
8.766388893127441406e-01
8.771566152572631836e-01
8.776715397834777832e-01
8.781837224960328259e-01
8.786931633949279785e-01
8.791998624801635742e-01
8.797039389610290527e-01
8.802052736282348633e-01
8.807039260864258923e-01
8.811999559402465820e-01
8.805721998214721680e-01
8.799455165863037109e-01
8.804395198822020374e-01
8.809308409690856934e-01
8.814196586608886719e-01
8.819058537483215332e-01
8.823894858360290527e-01
8.828706741333007812e-01
8.833492994308471680e-01
8.838254213333128773e-01
8.842990398406982422e-01
8.847702145576477051e-01
8.852388858795166016e-01
8.857051730155944824e-01
8.861690163612364612e-01
8.866304755210876465e-01
8.870894908905029297e-01
8.875461816787719727e-01
8.880004286766052246e-01
8.884523510932923474e-01
8.889020085334777832e-01
8.893492817878723145e-01
8.897942900657653809e-01
8.902369141578675427e-01
8.906773328781127930e-01
8.911154866218566895e-01
8.915513753890991211e-01
8.919849991798400879e-01
8.924164175987242542e-01
8.928456306457519531e-01
8.932726383209228516e-01
8.936975002288817249e-01
8.941201567649841309e-01
8.945406675338744007e-01
8.949589729309082031e-01
8.953752517700195312e-01
8.957893252372741699e-01
8.962013125419616699e-01
8.966112732887268066e-01
8.970190882682800293e-01
8.974248170852661133e-01
8.978285789489744984e-01
8.982301950454711914e-01
8.986298441886901855e-01
8.990274667739868164e-01
8.994230628013610840e-01
8.998166918754577637e-01
9.002083539962768555e-01
9.005979895591734730e-01
9.009857177734373890e-01
9.013714790344237171e-01
9.017552733421325684e-01
9.021371603012084961e-01
9.025171995162963867e-01
9.028952717781068005e-01
9.032714962959289551e-01
9.036458134651185192e-01
9.040182828903198242e-01
9.043889045715332031e-01
9.047576189041138806e-01
9.051246047019958496e-01
9.054896831512452282e-01
9.058529734611511230e-01
9.062144756317138672e-01
9.065741896629333496e-01
9.069321155548096813e-01
9.072883129119873047e-01
9.076427221298217773e-01
9.079953432083129883e-01
9.083462357521057129e-01
9.086954593658447266e-01
9.090429544448851429e-01
9.093887209892271839e-01
9.097327589988708496e-01
9.100751876831053577e-01
9.104158878326417126e-01
9.107549190521240234e-01
9.110922813415527344e-01
9.114280343055726208e-01
9.117621779441833496e-01
9.120946526527403675e-01
9.124254584312438965e-01
9.127547144889831543e-01
9.130823612213134766e-01
9.134084582328796387e-01
9.137329459190369763e-01
9.140558242797851562e-01
9.143771529197692871e-01
9.146969318389892578e-01
9.150152206420898438e-01
9.153319001197813831e-01
9.156470894813537598e-01
9.159607291221618652e-01
9.162729382514953613e-01
9.165835976600645862e-01
9.168927669525146484e-01
9.172004461288453259e-01
9.175066351890562855e-01
9.178113937377929688e-01
9.181146621704102673e-01
9.184165000915528454e-01
9.187169075012207031e-01
9.190158843994140625e-01
9.193134307861328125e-01
9.196095466613769531e-01
9.199042916297911487e-01
9.201976060867309570e-01
9.204895496368408203e-01
9.207800626754761852e-01
9.210692644119262695e-01
9.213570356369019665e-01
9.216434955596923828e-01
9.219285845756530762e-01
9.222123026847839355e-01
9.224947690963745117e-01
9.227758049964904785e-01
9.230555891990661621e-01
9.233340620994567871e-01
9.236111640930175781e-01
9.238870143890379749e-01
9.241615533828735352e-01
9.244348406791687012e-01
9.247068166732789196e-01
9.249775409698485218e-01
9.252470135688781738e-01
9.255152344703673206e-01
9.257821440696715198e-01
9.260478615760802112e-01
9.263123273849487305e-01
9.265756011009217419e-01
9.268376231193542480e-01
9.270984530448912464e-01
9.273580312728881836e-01
9.276164174079895020e-01
9.278736710548401989e-01
9.281296730041505016e-01
9.283845424652099609e-01
9.286382198333740234e-01
9.288907051086426891e-01
9.291420578956602894e-01
9.293922185897826038e-01
9.296413064002989612e-01
9.298892021179198109e-01
9.301359653472899280e-01
9.303815960884094238e-01
9.306260943412780762e-01
9.308695197105406605e-01
9.311118125915527344e-01
9.313529729843139648e-01
9.315930604934692383e-01
9.318320751190185547e-01
9.320700168609618030e-01
9.323068261146545410e-01
9.325425624847412109e-01
9.327772855758668102e-01
9.330109357833863415e-01
9.332435131072998047e-01
9.334750175476075329e-01
9.337055087089539684e-01
9.339349269866942249e-01
9.341633319854736328e-01
9.343907237052917480e-01
9.346171021461485706e-01
9.348424077033996582e-01
9.350667595863342285e-01
9.352900981903076172e-01
9.355124235153198242e-01
9.357337355613708496e-01
9.353114962577818714e-01
9.348902702331541859e-01
9.351122379302978516e-01
9.353331327438353382e-01
9.355530738830566406e-01
9.357720613479614258e-01
9.359900355339050293e-01
9.362070560455322266e-01
9.364231824874879040e-01
9.366382956504821777e-01
9.368524551391600452e-01
9.370657205581665039e-01
9.372780323028564453e-01
9.374893903732299805e-01
9.376997947692872204e-01
9.379093050956726074e-01
9.381179213523863636e-01
9.383256435394288220e-01
9.385324120521546520e-01
9.387382864952087402e-01
9.389432668685914196e-01
9.391472935676574707e-01
9.393504858016968884e-01
9.395528435707092285e-01
9.397542476654053845e-01
9.399548172950744629e-01
9.401544928550720215e-01
9.403532743453979492e-01
9.405512213706970215e-01
9.407483339309692383e-01
9.409445524215698242e-01
9.411399960517883301e-01
9.413345456123352051e-01
9.415282607078552246e-01
9.417211413383482776e-01
9.419131875038146973e-01
9.421043992042541504e-01
9.422948360443114124e-01
9.424843788146973766e-01
9.426731467247008167e-01
9.428611397743226208e-01
9.430482983589172363e-01
9.432346820831297718e-01
9.434202313423156738e-01
9.436050057411194958e-01
9.437890052795410156e-01
9.439721703529359020e-01
9.441546201705932617e-01
9.443362355232238770e-01
9.445171356201172985e-01
9.446972608566285290e-01
9.448766112327575684e-01
9.450551867485045276e-01
9.452330470085144043e-01
9.454101324081422009e-01
9.455864429473875843e-01
9.457620382308959961e-01
9.459368586540223278e-01
9.461109638214111328e-01
9.462843537330627441e-01
9.464570283889770508e-01
9.466289281845091663e-01
9.468001723289490856e-01
9.469706416130065918e-01
9.471403956413267933e-01
9.473094940185546875e-01
9.474778175354005016e-01
9.476454854011535645e-01
9.478124380111695446e-01
9.479786753654478870e-01
9.481442570686339222e-01
9.483091235160827637e-01
9.484733343124390759e-01
9.486368894577027477e-01
9.487996697425841175e-01
9.489618539810180664e-01
9.491233229637145996e-01
9.492841362953184925e-01
9.494442939758300781e-01
9.496037960052489124e-01
9.497626423835754395e-01
9.499208331108093262e-01
9.500783681869505726e-01
9.502352476119995117e-01
9.503914713859558105e-01
9.505470395088195801e-01
9.507020115852355957e-01
9.508563280105589710e-01
9.510100483894348145e-01
9.511631131172179066e-01
9.513155221939086914e-01
9.514673352241516113e-01
9.516185522079467773e-01
9.517691135406494141e-01
9.519190788269042969e-01
9.520684480667113148e-01
9.522171616554259144e-01
9.523653388023376465e-01
9.525128602981567383e-01
9.526597857475280762e-01
9.528061747550964355e-01
9.529519081115722656e-01
9.530971050262451172e-01
9.532416462898253284e-01
9.533856511116027832e-01
9.535290598869323730e-01
9.536719322204589844e-01
9.538142085075379528e-01
9.539558887481689453e-01
9.540970325469970703e-01
9.542375802993774414e-01
9.543775320053100586e-01
9.545170068740844727e-01
9.546558856964111328e-01
9.547941684722900391e-01
9.549319744110107422e-01
9.550691843032835804e-01
9.552058577537537731e-01
9.553419947624207653e-01
9.554775357246398926e-01
9.556125998497009277e-01
9.557471275329589844e-01
9.558810591697692871e-01
9.560145139694213867e-01
9.561474323272705078e-01
9.562798142433167614e-01
9.564117193222044788e-01
9.565430283546447754e-01
9.566738605499267578e-01
9.568041563034057617e-01
9.569339752197266735e-01
9.570632576942443848e-01
9.571920633316041149e-01
9.573203325271605335e-01
9.574480652809143066e-01
9.575753211975097656e-01
9.577021002769470215e-01
9.578284025192260742e-01
9.579541683197021484e-01
9.580794572830200195e-01
9.582042098045348011e-01
9.583285450935362659e-01
9.584524035453796387e-01
9.585757255554198109e-01
9.586985707283020020e-01
9.588209390640258789e-01
9.589428901672364391e-01
9.590643048286439099e-01
9.591853022575379528e-01
9.593057632446290173e-01
9.594258069992066540e-01
9.595453739166259766e-01
9.596644639968872070e-01
9.597831368446350098e-01
9.599012732505798340e-01
9.600189924240112305e-01
9.601362943649291992e-01
9.602531194686888538e-01
9.603695273399351917e-01
9.604854583740234375e-01
9.606009125709533691e-01
9.607159495353697620e-01
9.608305692672728382e-01
9.609447121620178223e-01
9.610584378242492676e-01
9.611717462539671741e-01
9.612846374511718750e-01
9.613970518112182617e-01
9.615090489387512207e-01
9.616206288337706409e-01
9.617317914962769665e-01
9.618424773216246448e-01
9.619528055191040039e-01
9.620626568794250488e-01
9.621721506118773304e-01
9.622812271118165173e-01
9.623898267745971680e-01
9.624980688095093884e-01
9.626058936119079590e-01
9.627133607864379883e-01
9.628203511238098145e-01
9.629269838333129883e-01
9.630331993103027344e-01
9.631389975547790527e-01
9.632443785667419434e-01
9.633494019508361816e-01
9.634540677070617676e-01
9.635582566261291504e-01
9.636620879173278809e-01
9.637655615806579590e-01
9.638686180114746094e-01
9.639713168144226074e-01
9.640735983848571777e-01
9.641755223274230957e-01
9.642770886421203613e-01
9.643782377243041992e-01
9.644790291786193848e-01
9.645794034004211426e-01
9.646794795989990234e-01
9.647791385650634766e-01
9.648784399032592773e-01
9.649773240089416504e-01
9.650759100914001465e-01
9.651740789413452148e-01
9.652719497680664062e-01
9.653694033622741699e-01
9.654664993286132812e-01
9.655632972717285156e-01
9.656596779823303223e-01
9.657557606697082520e-01
9.658514261245727539e-01
9.659467935562133789e-01
9.660417437553405762e-01
9.661363959312438965e-01
9.662306904792785645e-01
9.663246870040893555e-01
9.664182662963867188e-01
9.665115475654602051e-01
9.666044712066650391e-01
9.666970372200012207e-01
9.667893052101135254e-01
9.668812155723571777e-01
9.669728279113769531e-01
9.670640826225280762e-01
9.671549797058105469e-01
9.672455787658691406e-01
9.673358201980590820e-01
9.674257636070251465e-01
9.675153493881225586e-01
9.676046371459960938e-01
9.676936268806457520e-01
9.677822589874267578e-01
9.678705334663391113e-01
9.679585695266723633e-01
9.680462479591369629e-01
9.681336283683776855e-01
9.682206511497497559e-01
9.683074355125427246e-01
9.683938622474670410e-01
9.684799909591674805e-01
9.685657620429992676e-01
9.686512947082519531e-01
9.687364697456359863e-01
9.688214063644409180e-01
9.689059853553771973e-01
9.689902663230895996e-01
9.690742492675781250e-01
9.691579341888427734e-01
9.692413806915283203e-01
9.693244695663452148e-01
9.694072604179382324e-01
9.694897532463073730e-01
9.695719480514526367e-01
9.696539044380187988e-01
9.697355628013610840e-01
9.698168635368347168e-01
9.698979258537293591e-01
9.699786901473999023e-01
9.700592160224914551e-01
9.701393842697143555e-01
9.702193140983581543e-01
9.702989459037780762e-01
9.703783392906188965e-01
9.704573750495910645e-01
9.705361723899841309e-01
9.706147313117980957e-01
9.706929922103881836e-01
9.707709550857543945e-01
9.708486795425415039e-01
9.709261059761047363e-01
9.710032343864440918e-01
9.710801243782043457e-01
9.711567759513854980e-01
9.712331295013427734e-01
9.713092446327209473e-01
9.713850617408752441e-01
9.714605808258056641e-01
9.715359210968017578e-01
9.716109633445739746e-01
9.716857075691223145e-01
9.717602133750915527e-01
9.718344807624816895e-01
9.719085097312927246e-01
9.719822406768798828e-01
9.720557332038879395e-01
9.721289873123168945e-01
9.722020030021667480e-01
9.722747206687927246e-01
9.723471999168395996e-01
9.724194407463073730e-01
9.724914431571960449e-01
9.725631475448608398e-01
9.726346731185913086e-01
9.727059006690979004e-01
9.727768898010253906e-01
9.728477001190185547e-01
9.729182124137877308e-01
9.729884862899781384e-01
9.730585217475891113e-01
9.731283187866210938e-01
9.731978774070739746e-01
9.732671976089477539e-01
9.733362793922423206e-01
9.734051227569580078e-01
9.734737873077392578e-01
9.735421538352966309e-01
9.736103415489196777e-01
9.736782312393188477e-01
9.737459421157836914e-01
9.738134145736694336e-01
9.738806486129760742e-01
9.739476442337036133e-01
9.740144014358520508e-01
9.740809798240661621e-01
9.741473197937011719e-01
9.742134213447570801e-01
9.742792844772338867e-01
9.743449687957763672e-01
9.744104146957397461e-01
9.744756221771241345e-01
9.745406508445739746e-01
9.746054410934448242e-01
9.746699929237365723e-01
9.747343659400939941e-01
9.747985005378722034e-01
9.748623967170715332e-01
9.749261140823364258e-01
9.749896526336669922e-01
9.750528931617736816e-01
9.751160144805907093e-01
9.751788377761840820e-01
9.752415418624877930e-01
9.753039479255676270e-01
9.753661751747131348e-01
9.754282236099243164e-01
9.754900932312011719e-01
9.755516648292541504e-01
9.756131172180175781e-01
9.756743311882017933e-01
9.757353663444519043e-01
9.757961630821228027e-01
9.758567810058593750e-01
9.759171605110168457e-01
9.759773612022399902e-01
9.760373830795288086e-01
9.760972261428833008e-01
9.761568307876586914e-01
9.762162566184997559e-01
9.762755036354064941e-01
9.763345122337342419e-01
9.763933420181274414e-01
9.764519929885864258e-01
9.765104651451110840e-01
9.765687584877014160e-01
9.766268134117126465e-01
9.766846895217895508e-01
9.767423868179320179e-01
9.767999053001404919e-01
9.768572449684143066e-01
9.769143462181091309e-01
9.769713282585142933e-01
9.770280718803405762e-01
9.770846366882324219e-01
9.771410822868347168e-01
9.771972894668580212e-01
9.772533178329467773e-01
9.773091673851013184e-01
9.773648381233215332e-01
9.774203300476074219e-01
9.774756431579589844e-01
9.775307774543762207e-01
9.775856733322143555e-01
9.776404500007629395e-01
9.776950478553771973e-01
9.777495265007019043e-01
9.778037667274475098e-01
9.778578281402587891e-01
9.779117107391357422e-01
9.779654741287231445e-01
9.780189990997314453e-01
9.780724048614501953e-01
9.781256318092346191e-01
9.781786203384399414e-01
9.782315492630004883e-01
9.782842397689819336e-01
9.783367514610290527e-01
9.783891439437865101e-01
9.784413576126098633e-01
9.784933924674987793e-01
9.785452485084533691e-01
9.785969257354736328e-01
9.785584211349487305e-01
9.785198569297790527e-01
9.785714745521545410e-01
9.786228537559509277e-01
9.786741137504578747e-01
9.787251949310302734e-01
9.787760972976684570e-01
9.788268804550170898e-01
9.788774847984313965e-01
9.789279103279113770e-01
9.789782166481018066e-01
9.790283441543579102e-01
9.790782928466796875e-01
9.791281223297119141e-01
9.791777729988098145e-01
9.792272448539733887e-01
9.792765974998474121e-01
9.793257713317871094e-01
9.793748259544372559e-01
9.794237017631530762e-01
9.794724583625793457e-01
9.795210361480712891e-01
9.795694351196289062e-01
9.796177148818970837e-01
9.796658158302307129e-01
9.797137975692747913e-01
9.797616600990295410e-01
9.798092842102050781e-01
9.798568487167358398e-01
9.799042344093322754e-01
9.799514412879943848e-01
9.799985289573669434e-01
9.800454974174500622e-01
9.800922870635986328e-01
9.801388978958129883e-01
9.801854491233825684e-01
9.802317619323730469e-01
9.802780151367187500e-01
9.803240895271301270e-01
9.803700447082520641e-01
9.804158210754394531e-01
9.804614782333372913e-01
9.805069565773010254e-01
9.805523753166198730e-01
9.805976152420043945e-01
9.806426763534545898e-01
9.806876182556152344e-01
9.807324409484863281e-01
9.807771444320678711e-01
9.808216691017150879e-01
9.808660745620728649e-01
9.809103608131408691e-01
9.809545278549194336e-01
9.809985160827637829e-01
9.810423851013182484e-01
9.810861349105834961e-01
9.811297059059141956e-01
9.811731576919555664e-01
9.812165498733521618e-01
9.812597632408142090e-01
9.813027977943420410e-01
9.813457727432250977e-01
9.813885688781738281e-01
9.814312458038330078e-01
9.814738035202026367e-01
9.815162420272826038e-01
9.815585613250732422e-01
9.816007018089294434e-01
9.816427826881407581e-01
9.816846847534179688e-01
9.817264676094055176e-01
9.817681312561035156e-01
9.818096756935119629e-01
9.818511009216308594e-01
9.818923473358154297e-01
9.819335341453552246e-01
9.819746017456054688e-01
9.820154905319213867e-01
9.820563197135924183e-01
9.820969700813293457e-01
9.821375012397766113e-01
9.821779727935791016e-01
9.822182655334472656e-01
9.822584390640257679e-01
9.822985529899597168e-01
9.823384881019592285e-01
9.823783040046691895e-01
9.824180603027343750e-01
9.824576377868652344e-01
9.824970960617065430e-01
9.825364947319030762e-01
9.825757145881652832e-01
9.826148748397826038e-01
9.826538562774658203e-01
9.826927781105041504e-01
9.827315211296080433e-01
9.827702045440673828e-01
9.828087687492370605e-01
9.828472137451170765e-01
9.828855395317077637e-01
9.829237461090087891e-01
9.829618334770202637e-01
9.829998016357421875e-01
9.830377101898193359e-01
9.830754399299622692e-01
9.831131100654602051e-01
9.831506609916685901e-01
9.831880927085876465e-01
9.832254052162170410e-01
9.832626581192017712e-01
9.832997322082519531e-01
9.833367466926574707e-01
9.833736419677734375e-01
9.834104180335998535e-01
9.834470748901367188e-01
9.834836721420288086e-01
9.835200905799865723e-01
9.835564494132995605e-01
9.835926890373229980e-01
9.836288690567016602e-01
9.836648702621459961e-01
9.837008118629454456e-01
9.837366342544554554e-01
9.837723374366760254e-01
9.838079810142515980e-01
9.838435053825378418e-01
9.838789105415344238e-01
9.839142560958862305e-01
9.839494228363037109e-01
9.839845299720764160e-01
9.840195775032044567e-01
9.840544462203979492e-01
9.840892553329467773e-01
9.841239452362060547e-01
9.841585755348204456e-01
9.841930866241455078e-01
9.842274785041809082e-01
9.842618107795715332e-01
9.842960238456726074e-01
9.843301177024841309e-01
9.843641519546508789e-01
9.843980669975280762e-01
9.844318628311157227e-01
9.844655990600585938e-01
9.844992160797119141e-01
9.845327138900756836e-01
9.845661520957946777e-01
9.845995306968688965e-01
9.846327304840087891e-01
9.846658706665039062e-01
9.846989512443542480e-01
9.847319126129150391e-01
9.847647547721862793e-01
9.847975373268127441e-01
9.848302006721496582e-01
9.848628044128417969e-01
9.848952889442443848e-01
9.849277138710021973e-01
9.849600195884704590e-01
9.849922060966491699e-01
9.850243330001831055e-01
9.850564002990723766e-01
9.850883483886718750e-01
9.851201772689819336e-01
9.851519465446473278e-01
9.851836562156676136e-01
9.852152466773986816e-01
9.852467179298400879e-01
9.852781295776367188e-01
9.853094816207886852e-01
9.853407144546508789e-01
9.853718280792236328e-01
9.854028820991516113e-01
9.854338765144348145e-01
9.854647517204284668e-01
9.854955673217773438e-01
9.855262637138366699e-01
9.855569005012512207e-01
9.855874180793763317e-01
9.856178760528564453e-01
9.856482744216918945e-01
9.856785535812376819e-01
9.857087731361389160e-01
9.857388734817504883e-01
9.857689142227172852e-01
9.857988357543945312e-01
9.858286976814270020e-01
9.858585000038146973e-01
9.858881831169128418e-01
9.859178066253662109e-01
9.859473705291748047e-01
9.859768152236938477e-01
9.860062003135681152e-01
9.860354661941528320e-01
9.860646724700927734e-01
9.860938191413879395e-01
9.861228466033935547e-01
9.861518144607543945e-01
9.861807227134703480e-01
9.862095117568969727e-01
9.862382411956787109e-01
9.862669110298156738e-01
9.862954616546629749e-01
9.863239526748656116e-01
9.863523840904235840e-01
9.863807559013366699e-01
9.864090085029602051e-01
9.864372014999389648e-01
9.864652752876281738e-01
9.864932894706727184e-01
9.865212440490722656e-01
9.865491390228271484e-01
9.865769147872924805e-01
9.866046905517578125e-01
9.866322875022888184e-01
9.866598844528198242e-01
9.866873621940611683e-01
9.867147803306579590e-01
9.867421388626098633e-01
9.867694377899169922e-01
9.867966175079344593e-01
9.868237376213073730e-01
9.868507981300354004e-01
9.868777990341186523e-01
9.869046807289122425e-01
9.791864156723021351e-01
9.715420007705688477e-01
9.715954065322875977e-01
9.716487526893615723e-01
9.717019796371459961e-01
9.717550277709960938e-01
9.718079566955566406e-01
9.718607068061828613e-01
9.719133973121643066e-01
9.719659686088562012e-01
9.720183610916136585e-01
9.720706343650816761e-01
9.721227884292602539e-01
9.721747636795043945e-01
9.722266793251036487e-01
9.722784161567687988e-01
9.723300337791443981e-01
9.723815321922301136e-01
9.724329113960266113e-01
9.724841713905334473e-01
9.725353121757507324e-01
9.725863337516784668e-01
9.726371765136718750e-01
9.726879000663757324e-01
9.727385640144348145e-01
9.727890491485595703e-01
9.728394150733947754e-01
9.728896617889404297e-01
9.729397892951965332e-01
9.729897975921629749e-01
9.730396866798401989e-01
9.730894565582275391e-01
9.731391072273254395e-01
9.731885790824890137e-01
9.732379913330078125e-01
9.732872843742369495e-01
9.733363986015319824e-01
9.733854532241821289e-01
9.734343886375427246e-01
9.734831452369689941e-01
9.735318422317504883e-01
9.735804200172424316e-01
9.736288189888000488e-01
9.736771583557128906e-01
9.737253785133361816e-01
9.737734794616698109e-01
9.738214612007141113e-01
9.738692641258239746e-01
9.739170074462890625e-01
9.739646315574647106e-01
9.740121364593505859e-01
9.740595221519470215e-01
9.741068482398986816e-01
9.741539955139160156e-01
9.742010235786437988e-01
9.742479920387268066e-01
9.742947816848753773e-01
9.743415117263793945e-01
9.743881225585937500e-01
9.744346141815185547e-01
9.744809865951539196e-01
9.745272397994995117e-01
9.745733737945557751e-01
9.746194481849670410e-01
9.746653437614440918e-01
9.747111797332763672e-01
9.747568964958190918e-01
9.748024940490722656e-01
9.748479723930357776e-01
9.748933911323547363e-01
9.749386310577392578e-01
9.749838113784790039e-01
9.750288724899291992e-01
9.750738143920897327e-01
9.751186370849609375e-01
9.751634001731873669e-01
9.752079844474792480e-01
9.752525091171264648e-01
9.752969741821289062e-01
9.753412604331970215e-01
9.753854870796203613e-01
9.754295349121092640e-01
9.754735827445983887e-01
9.755174517631531872e-01
9.755612611770628773e-01
9.756048917770385742e-01
9.756485223770140491e-01
9.756919741630554199e-01
9.757353663444517933e-01
9.757786393165588379e-01
9.758217930793762207e-01
9.758648276329040527e-01
9.759078025817871094e-01
9.759506583213806152e-01
9.759934544563293457e-01
9.760360717773438610e-01
9.760786294937133789e-01
9.761211276054381214e-01
9.761635065078735352e-01
9.762057065963745117e-01
9.762479066848754883e-01
9.762899875640869141e-01
9.763319492340087891e-01
9.763737916946411133e-01
9.764155745506286621e-01
9.764572381973265491e-01
9.764987826347351074e-01
9.765402674674988903e-01
9.765816330909729004e-01
9.766229391098022461e-01
9.766641259193421520e-01
9.767051935195922852e-01
9.767462015151976429e-01
9.767870903015137829e-01
9.768278598785400391e-01
9.768685698509216309e-01
9.769091606140136719e-01
9.769496917724609375e-01
9.769901037216186523e-01
9.770304560661315918e-01
9.770580530166625977e-01
9.770855903625488281e-01
9.771257042884825550e-01
9.771656990051269531e-01
9.772055745124818005e-01
9.772453904151916504e-01
9.772850871086121716e-01
9.773247241973876953e-01
9.773642420768737793e-01
9.774037003517150879e-01
9.774430394172667347e-01
9.774823188781738281e-01
9.775214791297912598e-01
9.775605797767639160e-01
9.775995612144470215e-01
9.776384234428406872e-01
9.776772856712341309e-01
9.777159690856934704e-01
9.777545928955078125e-01
9.777931571006774902e-01
9.778316020965577282e-01
9.778699874877929688e-01
9.779082536697387695e-01
9.779464006423949085e-01
9.779845476150512695e-01
9.780225157737731934e-01
9.780604839324951172e-01
9.780982732772827148e-01
9.781360626220703125e-01
9.781737327575683594e-01
9.782112836837768555e-01
9.782487750053405762e-01
9.782862067222594105e-01
9.783235192298889160e-01
9.783607721328734241e-01
9.783979058265687145e-01
9.784349799156188965e-01
9.784719944000244141e-01
9.785088896751404919e-01
9.785456657409669079e-01
9.785824418067932129e-01
9.786190390586853027e-01
9.786556363105772816e-01
9.786921143531799316e-01
9.787285327911378063e-01
9.787648320198060192e-01
9.788010716438293457e-01
9.788371920585632324e-01
9.788733124732971191e-01
9.789092540740965687e-01
9.789451956748962402e-01
9.789810180664062500e-01
9.790167808532715954e-01
9.790524244308471680e-01
9.790880084037780762e-01
9.791235327720642090e-01
9.791589379310606800e-01
9.791942834854125977e-01
9.792295694351196289e-01
9.792647361755372204e-01
9.792998433113098145e-01
9.793348908424377441e-01
9.793698191642761230e-01
9.794046878814697266e-01
9.794394969940185547e-01
9.794741868972778320e-01
9.795088171958924450e-01
9.795433878898621716e-01
9.795778989791870117e-01
9.796122908592223011e-01
9.796466231346131481e-01
9.796808362007141113e-01
9.797150492668150745e-01
9.797491431236265980e-01
9.797831177711486816e-01
9.798170924186705433e-01
9.798509478569031872e-01
9.798847436904906116e-01
9.799184799194337048e-01
9.799520969390868030e-01
9.799857139587402344e-01
9.800192117691041149e-01
9.800525903701782227e-01
9.800859689712524414e-01
9.801192283630371094e-01
9.801524281501768909e-01
9.801855683326722302e-01
9.802185893058776855e-01
9.802516102790831409e-01
9.802845120429992676e-01
9.803173542022706188e-01
9.803500771522521973e-01
9.803828001022338867e-01
9.804154038429260254e-01
9.804479479789732776e-01
9.804804325103759766e-01
9.805127978324890137e-01
9.805451035499572754e-01
9.805774092674255371e-01
9.806095957756042480e-01
9.806416630744935192e-01
9.806737303733825684e-01
9.807057380676269531e-01
9.807376265525817871e-01
9.807694554328917347e-01
9.808012247085570179e-01
9.808329343795776367e-01
9.808645248413087048e-01
9.808961153030395508e-01
9.809275865554809570e-01
9.809589982032775879e-01
9.809903502464294434e-01
9.810216426849364124e-01
9.810528159141540527e-01
9.810839891433716931e-01
9.811150431632996716e-01
9.811460971832275391e-01
9.811770319938659668e-01
9.812079071998595081e-01
9.812387228012084961e-01
9.812694191932678223e-01
9.813001155853272595e-01
9.813306927680969238e-01
9.813612699508666992e-01
9.813917279243470349e-01
9.811725616455078125e-01
9.809537529945374645e-01
9.809847474098205566e-01
9.810156822204589844e-01
9.810466170310973011e-01
9.810774326324462891e-01
9.811081886291503906e-01
9.811388850212097168e-01
9.811694622039794922e-01
9.812000393867492676e-01
9.812305569648741566e-01
9.812609553337097168e-01
9.812913537025452770e-01
9.813216328620910645e-01
9.813518524169921875e-01
9.813820123672485352e-01
9.814121127128602184e-01
9.814421534538267933e-01
9.814721345901490368e-01
9.815020561218260609e-01
9.815318584442138672e-01
9.815616607666015625e-01
9.815914034843443714e-01
9.816210269927978516e-01
9.816506505012512207e-01
9.816801548004150391e-01
9.817095994949339710e-01
9.817390441894531250e-01
9.817683696746825062e-01
9.817976355552673340e-01
9.818268418312072754e-01
9.818559885025025524e-01
9.818850755691527210e-01
9.819141030311584473e-01
9.819430708885192871e-01
9.819719791412353516e-01
9.820008277893066406e-01
9.820296168327331543e-01
9.820582866668701172e-01
9.820869565010070801e-01
9.821155667304992676e-01
9.821441173553466797e-01
9.821725487709045410e-01
9.822009801864624023e-01
9.822293519973754883e-01
9.822576642036437988e-01
9.822858572006226696e-01
9.823140501976014294e-01
9.823421835899353027e-01
9.823702573776246227e-01
9.823982119560241699e-01
9.824261665344238281e-01
9.824540615081787109e-01
9.824818372726440430e-01
9.825096130371094860e-01
9.825373291969299316e-01
9.825649857521058239e-01
9.825925827026367188e-01
9.826201200485229492e-01
9.826475381851196289e-01
9.826749563217163086e-01
9.827023148536681019e-01
9.827296137809754528e-01
9.827568531036375843e-01
9.827840924262999378e-01
9.828112125396727405e-01
9.828382730484008789e-01
9.828652739524841309e-01
9.828922152519224964e-01
9.829191565513610840e-01
9.829459786415101208e-01
9.829728007316590466e-01
9.829995036125183105e-01
9.830262064933777966e-01
9.830527901649475098e-01
9.830793738365174450e-01
9.831058979034423828e-01
9.831323623657225452e-01
9.831587672233582653e-01
9.831851124763487659e-01
9.832113981246948242e-01
9.832376241683959961e-01
9.832637906074522816e-01
9.832899570465087891e-01
9.833160042762756348e-01
9.833420515060424805e-01
9.833679795265197754e-01
9.833939075469970703e-01
9.834197759628295898e-01
9.834455847740172230e-01
9.834713339805601917e-01
9.834970235824584961e-01
9.835226535797118030e-01
9.835482835769654431e-01
9.835737943649293102e-01
9.835993051528930664e-01
9.836246967315672718e-01
9.836500883102416992e-01
9.836754202842711292e-01
9.837006926536560059e-01
9.837259650230407715e-01
9.837511181831359863e-01
9.837762117385864258e-01
9.838013052940368652e-01
9.838263392448426403e-01
9.838513135910034180e-01
9.838762283325195312e-01
9.839010834693909802e-01
9.839258790016175427e-01
9.839506745338441052e-01
9.839753508567810059e-01
9.840000271797180176e-01
9.840246438980103649e-01
9.840492010116578259e-01
9.840736985206604004e-01
9.840981960296631970e-01
9.841225743293762207e-01
9.841469526290893555e-01
9.841712713241578259e-01
9.841955304145812988e-01
9.842197299003601074e-01
9.842439293861389160e-01
9.842680096626281738e-01
9.842920899391174316e-01
9.843161106109619141e-01
9.843400716781616211e-01
9.843639731407164417e-01
9.843878746032714844e-01
9.844117164611815296e-01
9.844354391098022461e-01
9.844592213630677380e-01
9.844828844070433460e-01
9.845064878463744007e-01
9.845300912857055664e-01
9.845536351203918457e-01
9.845771193504334606e-01
9.846005439758301891e-01
9.846239686012268066e-01
9.846472740173339844e-01
9.846705794334411621e-01
9.846938252449035645e-01
9.847170114517213024e-01
9.847401976585388184e-01
9.847633242607117809e-01
9.847863912582396351e-01
9.848093986511230469e-01
9.848323464393614612e-01
9.848552942276000977e-01
9.848781824111937366e-01
9.849010109901429333e-01
9.849237799644470215e-01
9.849465489387513317e-01
9.849692583084107556e-01
9.849919080734252930e-01
9.850144982337950550e-01
9.850370287895202637e-01
9.850595593452453613e-01
9.850820302963255726e-01
9.851044416427613415e-01
9.851268529891967773e-01
9.851492047309875488e-01
9.851714968681334339e-01
9.851937294006348766e-01
9.852159023284912109e-01
9.852380752563476562e-01
9.852601885795594372e-01
9.852822422981263317e-01
9.853042960166930042e-01
9.853262901306152344e-01
9.853482246398924671e-01
9.853700995445250355e-01
9.853919744491578259e-01
9.854137897491455078e-01
9.854355454444885254e-01
9.854572415351866566e-01
9.854789376258850098e-01
9.855005741119384766e-01
9.855221509933470569e-01
9.855437278747559704e-01
9.855652451515198864e-01
9.855867028236388050e-01
9.856081008911132812e-01
9.856294989585876465e-01
9.856508374214171253e-01
9.856721162796020508e-01
9.856933951377869763e-01
9.857146143913269043e-01
9.857357740402221680e-01
9.857569336891174316e-01
9.857779741287230335e-01
9.857990145683289684e-01
9.858200550079345703e-01
9.858410358428955078e-01
9.858619570732115589e-01
9.858828186988830566e-01
9.859036803245544434e-01
9.859244823455809437e-01
9.859452247619630016e-01
9.859659075736999512e-01
9.859865903854369007e-01
9.860072731971740723e-01
9.860278367996216931e-01
9.860484004020692028e-01
9.860689043998719372e-01
9.860894083976745605e-01
9.861098527908324085e-01
9.861302375793458141e-01
9.861505627632140003e-01
9.861708879470826306e-01
9.861911535263062634e-01
9.862114191055296741e-01
9.862316250801085316e-01
9.862517714500427246e-01
9.862718582153321423e-01
9.862919449806212269e-01
9.863120317459106445e-01
9.863319993019105114e-01
9.863519668579102673e-01
9.863718748092651367e-01
9.863917827606200062e-01
9.864116311073304333e-01
9.864314198493956409e-01
9.864512085914612927e-01
9.864709377288817249e-01
9.864906668663024902e-01
9.865102767944334827e-01
9.865299463272094727e-01
9.865494966506956898e-01
9.865690469741821289e-01
9.865885376930237927e-01
9.866080284118651234e-01
9.866274595260620117e-01
9.866468310356140137e-01
9.866662025451660156e-01
9.866855144500731312e-01
9.867047667503356934e-01
9.867240190505981445e-01
9.867432117462158203e-01
9.867624044418333851e-01
9.867815375328063965e-01
9.868006706237791859e-01
9.868196845054626465e-01
9.868386983871461071e-01
9.868577122688293457e-01
9.868766665458679199e-01
9.868955612182617188e-01
9.869144558906555176e-01
9.869332909584045410e-01
9.869520664215087891e-01
9.869708418846131481e-01
9.869896173477172852e-01
9.870082736015318714e-01
9.870269298553467907e-01
9.870455861091614880e-01
9.870641827583311878e-01
9.870827198028565563e-01
9.871012568473817028e-01
9.871197342872619629e-01
9.871382117271424450e-01
9.871565699577331543e-01
9.871749877929688610e-01
9.871933460235595703e-01
9.872116446495057263e-01
9.872298836708068848e-01
9.872481226921081543e-01
9.872663617134095349e-01
9.872845411300660290e-01
9.873026609420776367e-01
9.873207807540894665e-01
9.873388409614562988e-01
9.873568415641784668e-01
9.873748421669006348e-01
9.873928427696226917e-01
9.874107241630553089e-01
9.874286651611328125e-01
9.874464869499205433e-01
9.874643683433532715e-01
9.874821305274964489e-01
9.874998927116392933e-01
9.875176548957824707e-01
9.875353574752807617e-01
9.875530004501342773e-01
9.875706434249877930e-01
9.875882267951964222e-01
9.876057505607604980e-01
9.876233339309692383e-01
9.876407980918884277e-01
9.876582622528075062e-01
9.876757264137268066e-01
9.876930713653564453e-01
9.877104759216308594e-01
9.877278208732604980e-01
9.877451062202454724e-01
9.877623915672302246e-01
9.877796173095702015e-01
9.877967834472656250e-01
9.878140091896058239e-01
9.878311157226561390e-01
9.878482222557067871e-01
9.878653287887574352e-01
9.878823757171629749e-01
9.878993630409240723e-01
9.879163503646850586e-01
9.879332780838013806e-01
9.879502058029175915e-01
9.879670739173890270e-01
9.879839420318602405e-01
9.880007505416871227e-01
9.880175590515136719e-01
9.880343079566955566e-01
9.880510568618775524e-01
9.880677461624145508e-01
9.880844354629515491e-01
9.881010651588438831e-01
9.881176352500914417e-01
9.881342053413390003e-01
9.881507754325866699e-01
9.881672859191894531e-01
9.881837368011475720e-01
9.882001876831054688e-01
9.882166385650634766e-01
9.882330298423765980e-01
9.882493615150451660e-01
9.882656931877135120e-01
9.882820248603819691e-01
9.882982969284056507e-01
9.883145093917846680e-01
9.883307218551636852e-01
9.883469343185424805e-01
9.883630871772766113e-01
9.883791804313659668e-01
9.884033203125001110e-01
9.884353876113890491e-01
9.884673357009887695e-01
9.884991645812988281e-01
9.885308742523192249e-01
9.885624647140502930e-01
9.885939359664918102e-01
9.886252880096436657e-01
9.886565208435057484e-01
9.886876940727232776e-01
9.887186884880067028e-01
9.887496232986450195e-01
9.887804388999940075e-01
9.888110756874084473e-01
9.888416528701782227e-01
9.888721108436584473e-01
9.889025092124938965e-01
9.889327287673950195e-01
9.889628887176513672e-01
9.889928698539733887e-01
9.890227913856506348e-01
9.890525937080383301e-01
9.890823364257812500e-01
9.891119003295898438e-01
9.891414046287536621e-01
9.891707897186279297e-01
9.892000555992126465e-01
9.892292022705078125e-01
9.892582893371582031e-01
9.892872571945190430e-01
9.893161058425903320e-01
9.893448352813720703e-01
9.893735051155090332e-01
9.894020557403564453e-01
9.894304871559143066e-01
9.894588589668273926e-01
9.894871115684509277e-01
9.895152449607849121e-01
9.895432591438293457e-01
9.895712137222290039e-01
9.895990490913391113e-01
9.896268248558044434e-01
9.896544814109802246e-01
9.896820187568664551e-01
9.897094964981080212e-01
9.897368550300598145e-01
9.897640943527221680e-01
9.897912740707397461e-01
9.898183345794677734e-01
9.898452758789062500e-01
9.898721575736999512e-01
9.898989796638488770e-01
9.899256229400634766e-01
9.899522066116333008e-01
9.899787306785583496e-01
9.900051355361938477e-01
9.900314807891845703e-01
9.900577068328857422e-01
9.900838136672973633e-01
9.901098608970642090e-01
9.901357889175415039e-01
9.901616573333740234e-01
9.901874661445617676e-01
9.902130961418151855e-01
9.902387261390686035e-01
9.902642369270324707e-01
9.902896285057066761e-01
9.903149604797363281e-01
9.903401732444763184e-01
9.903653264045715332e-01
9.903904199600219727e-01
9.904153943061828613e-01
9.904402494430541992e-01
9.904650449752807617e-01
9.904897809028625488e-01
9.905143976211547852e-01
9.905389547348022461e-01
9.905634522438049316e-01
9.905878305435180664e-01
9.906120896339416504e-01
9.906363487243652344e-01
9.906604886054992676e-01
9.906845092773437500e-01
9.907084703445434570e-01
9.907323718070983887e-01
9.907561540603637695e-01
9.907798767089843750e-01
9.908035397529602051e-01
9.908270835876464844e-01
9.908505678176879883e-01
9.908739328384399414e-01
9.908972978591918945e-01
9.909205436706542969e-01
9.909436702728270374e-01
9.909667968750000000e-01
9.909898042678833008e-01
9.910126924514770508e-01
9.910355806350708008e-01
9.910583496093750000e-01
9.910809993743896484e-01
9.911036491394042969e-01
9.911261796951293945e-01
9.911486506462097168e-01
9.911710619926452637e-01
9.911933541297912598e-01
9.912155866622925915e-01
9.912377595901489258e-01
9.912598729133605957e-01
9.912818670272827148e-01
9.913038015365600586e-01
9.913256764411926270e-01
9.913474917411804199e-01
9.913692474365234375e-01
9.913908839225769043e-01
9.914124608039855957e-01
9.914339780807495117e-01
9.914554357528686523e-01
9.914767742156982422e-01
9.914980530738830566e-01
9.915192723274230957e-01
9.915404319763184704e-01
9.915615320205688477e-01
9.915825724601745605e-01
9.916034936904907227e-01
9.916243553161621094e-01
9.916451573371887207e-01
9.916658997535706677e-01
9.916865825653076172e-01
9.917072057723999023e-01
9.917277097702026367e-01
9.917482137680053711e-01
9.917685985565185547e-01
9.917889237403869629e-01
9.918091893196105957e-01
9.918293952941893421e-01
9.918495416641235352e-01
9.918695688247680664e-01
9.918895959854125977e-01
9.919095039367675781e-01
9.919294118881225586e-01
9.919492006301879883e-01
9.919689297676087536e-01
9.919885993003845215e-01
9.920082092285157360e-01
9.920277595520019531e-01
9.920472502708435059e-01
9.920666813850403942e-01
9.920860528945922852e-01
9.921053647994995117e-01
9.921245574951171875e-01
9.921437501907348633e-01
9.921628832817077637e-01
9.921818971633911133e-01
9.922009110450744629e-01
9.922198057174682617e-01
9.922387003898620605e-01
9.922574758529663086e-01
9.922762513160705566e-01
9.922949075698852539e-01
9.923135638236999512e-01
9.923321008682250977e-01
9.923505783081054688e-01
9.923690557479858398e-01
9.923874139785766602e-01
9.924057722091674805e-01
9.924240112304686390e-01
9.924422502517700195e-01
9.924603700637817383e-01
9.924784898757934570e-01
9.924964904785156250e-01
9.925144910812376819e-01
9.925324320793150745e-01
9.925502538681031384e-01
9.925680756568908691e-01
9.925858378410339355e-01
9.926035404205322266e-01
9.926211833953857422e-01
9.926387667655944824e-01
9.926562905311584473e-01
9.926737546920777477e-01
9.926911592483520508e-01
9.927085041999816895e-01
9.927258491516113281e-01
9.927430748939514160e-01
9.927603006362915039e-01
9.927774071693420410e-01
9.927902221679686390e-01
9.927988052368164062e-01
9.928072690963745117e-01
9.928157925605773926e-01
9.928243160247802734e-01
9.928327798843383789e-01
9.928412437438964844e-01
9.928497076034545898e-01
9.928581118583679199e-01
9.928665757179260254e-01
9.928749799728393555e-01
9.928833842277526855e-01
9.928917288780212402e-01
9.929001331329345703e-01
9.929084777832032360e-01
9.929168224334716797e-01
9.929251670837402344e-01
9.929334521293640137e-01
9.929417967796325684e-01
9.929500818252562366e-01
9.929583668708801270e-01
9.929665923118591309e-01
9.929748773574827991e-01
9.929831027984619141e-01
9.929913282394409180e-01
9.929995536804198109e-01
9.930077791213990368e-01
9.930159449577330433e-01
9.930282235145568848e-01
9.930444955825805664e-01
9.930607676506042480e-01
9.930769801139831543e-01
9.930931329727172852e-01
9.931092262268066406e-01
9.931252598762512207e-01
9.931412935256958008e-01
9.931572675704956055e-01
9.931731224060058594e-01
9.931890368461608887e-01
9.932048320770263672e-01
9.932205677032470703e-01
9.932363033294677734e-01
9.932519197463989258e-01
9.932675361633299671e-01
9.932831525802612305e-01
9.932986497879028320e-01
9.933140873908996582e-01
9.933295249938964844e-01
9.933449029922485352e-01
9.933602213859558105e-01
9.933755397796630859e-01
9.933907389640806995e-01
9.934059381484985352e-01
9.934210777282714844e-01
9.934361577033996582e-01
9.934512376785278320e-01
9.934662580490111194e-01
9.934812188148497425e-01
9.934961199760437012e-01
9.935109615325927734e-01
9.935258030891418457e-01
9.935405850410461426e-01
9.935553073883055530e-01
9.935699701309204102e-01
9.935846328735351562e-01
9.935992360115051270e-01
9.936137795448303223e-01
9.936283230781555176e-01
9.936427474021910511e-01
9.936571717262269177e-01
9.936715960502624512e-01
9.936859011650085449e-01
9.937002062797546387e-01
9.937144517898560681e-01
9.937286376953125000e-01
9.937428236007690430e-01
9.937569499015806995e-01
9.937710165977478027e-01
9.937850832939146839e-01
9.937990307807922363e-01
9.938130378723143421e-01
9.938269257545471191e-01
9.938408136367797852e-01
9.938546419143676758e-01
9.938684105873107910e-01
9.938821792602539062e-01
9.938958883285522461e-01
9.939095377922058105e-01
9.939231872558593750e-01
9.939367175102233887e-01
9.939503073692321777e-01
9.939637780189514160e-01
9.939772486686707653e-01
9.939906597137451172e-01
9.940040707588194691e-01
9.940174221992493786e-01
9.940307140350341797e-01
9.940440058708190918e-01
9.940571784973144531e-01
9.940704107284545898e-01
9.940835237503051758e-01
9.940966367721556507e-01
9.941097497940063477e-01
9.941227436065674938e-01
9.941357374191284180e-01
9.941487312316894531e-01
9.941616058349609375e-01
9.941744804382324219e-01
9.941873550415039062e-01
9.942001700401306152e-01
9.942129254341125488e-01
9.942256212234498181e-01
9.942383170127868652e-01
9.942510128021240234e-01
9.942635893821715198e-01
9.942762255668640137e-01
9.942887425422668457e-01
9.943012595176697888e-01
9.943137168884276234e-01
9.943261742591857910e-01
9.943385720252990723e-01
9.943509101867675781e-01
9.943632483482360840e-01
9.943755269050598145e-01
9.943878054618836559e-01
9.944000244140623890e-01
9.944122433662415661e-01
9.944243431091308594e-01
9.944365024566650391e-01
9.944485425949096680e-01
9.944605827331542969e-01
9.944726228713990368e-01
9.944846034049987793e-01
9.944965243339537464e-01
9.945084452629089355e-01
9.945203065872192383e-01
9.945321679115296520e-01
9.945439696311950684e-01
9.945557117462158203e-01
9.945674538612364612e-01
9.945791959762573242e-01
9.945908784866331898e-01
9.946025013923645020e-01
9.946141242980955921e-01
9.946256875991821289e-01
9.946371912956237793e-01
9.946486949920654297e-01
9.946601986885071911e-01
9.946716427803039551e-01
9.946830272674560547e-01
9.946944117546081543e-01
9.947057366371154785e-01
9.947170615196228027e-01
9.947283267974852405e-01
9.947395920753479004e-01
9.947507977485656738e-01
9.947620034217834473e-01
9.947731494903563343e-01
9.947842359542846680e-01
9.947953224182127796e-01
9.948064088821411133e-01
9.948174357414245605e-01
9.948284029960632324e-01
9.948393702507020153e-01
9.948503375053405762e-01
9.948612451553345837e-01
9.948720932006837048e-01
9.948829412460327148e-01
9.948937296867371716e-01
9.949045181274414062e-01
9.949152469635009766e-01
9.949259757995605469e-01
9.949367046356201172e-01
9.949473142623901367e-01
9.949579834938049316e-01
9.949685931205749512e-01
9.949791431427001953e-01
9.949896931648254395e-01
9.950001835823059082e-01
9.950106739997864880e-01
9.950211048126219593e-01
9.950315356254576526e-01
9.950419664382934570e-01
9.950523376464844860e-01
9.950626492500306286e-01
9.950729608535766602e-01
9.950832128524780273e-01
9.950934648513793945e-01
9.951037168502807617e-01
9.951139092445374645e-01
9.951241016387940563e-01
9.951342344284057617e-01
9.951443076133726917e-01
9.951543807983398438e-01
9.951644539833067737e-01
9.951744675636291504e-01
9.951844811439514160e-01
9.951944351196289062e-01
9.952043890953062855e-01
9.952143430709838867e-01
9.952242374420166016e-01
9.952340722084045410e-01
9.952439069747923694e-01
9.952537417411804199e-01
9.952635169029235840e-01
9.952732324600219727e-01
9.952830076217651367e-01
9.952926635742188610e-01
9.953023791313171387e-01
9.953120350837707520e-01
9.953216314315795898e-01
9.953312277793884277e-01
9.953408241271972656e-01
9.953503608703613281e-01
9.953598380088805042e-01
9.953693747520446777e-01
9.953788518905639648e-01
9.953882694244384766e-01
9.953976869583128773e-01
9.954070448875427246e-01
9.954164624214172363e-01
9.954257607460023083e-01
9.954351186752319336e-01
9.954443573951721191e-01
9.954536557197570801e-01
9.954628944396972656e-01
9.954720735549926758e-01
9.954813122749328613e-01
9.954904317855834961e-01
9.954996109008789062e-01
9.955087304115295410e-01
9.955177903175354004e-01
9.955268502235413708e-01
9.955359101295472302e-01
9.955449104309082031e-01
9.955539107322692871e-01
9.955628514289857067e-01
9.955718517303466797e-01
9.955807328224182129e-01
9.955896139144898571e-01
9.955984950065611683e-01
9.956073760986329235e-01
9.956161975860595703e-01
9.956250190734864391e-01
9.956337809562683105e-01
9.956425428390502930e-01
9.956512451171873890e-01
9.956599473953247070e-01
9.956686496734619141e-01
9.956772923469543457e-01
9.956859350204467773e-01
9.956945776939392090e-01
9.957031607627868652e-01
9.957117438316346325e-01
9.957202672958375134e-01
9.957287907600402832e-01
9.957373142242431641e-01
9.957457780838012695e-01
9.957542419433593750e-01
9.957627058029174805e-01
9.957711100578308105e-01
9.957795143127441406e-01
9.957878589630126953e-01
9.957962036132812500e-01
9.958045482635498047e-01
9.958128333091735840e-01
9.958211183547973633e-01
9.958294034004212536e-01
9.958376288414001465e-01
9.958458542823791504e-01
9.958540201187133789e-01
9.958621859550476074e-01
9.958703517913817249e-01
9.958785176277160645e-01
9.958866238594055176e-01
9.958946704864501953e-01
9.959027767181397595e-01
9.959108233451842151e-01
9.959188103675842285e-01
9.959268569946289062e-01
9.959348440170288086e-01
9.959427714347839355e-01
9.959506988525390625e-01
9.959586262702940784e-01
9.959665536880493164e-01
9.959744215011596680e-01
9.959822893142700195e-01
9.959900975227357067e-01
9.959979653358459473e-01
9.960057139396667480e-01
9.960135221481323242e-01
9.960212707519532360e-01
9.960290193557738148e-01
9.960367083549499512e-01
9.960444569587707520e-01
9.960520863533018909e-01
9.960597753524779163e-01
9.960674047470091663e-01
9.960750341415404163e-01
9.960826039314270020e-01
9.960902333259582520e-01
9.960978031158447266e-01
9.961053133010864258e-01
9.961128234863281250e-01
9.961203336715697132e-01
9.961278438568114124e-01
9.961352944374084473e-01
9.961427450180053711e-01
9.961501359939575195e-01
9.961575865745544434e-01
9.961649775505065918e-01
9.961723089218139648e-01
9.961796998977662243e-01
9.961870312690734863e-01
9.961943030357360840e-01
9.962016344070434570e-01
9.962089061737060547e-01
9.962161779403685413e-01
9.962233901023863636e-01
9.962306022644044079e-01
9.962378144264221191e-01
9.962450265884399414e-01
9.962521791458130993e-01
9.962593317031860352e-01
9.962664246559141956e-01
9.962735772132873535e-01
9.962806701660156250e-01
9.962877035140991211e-01
9.962947964668273926e-01
9.963018298149108887e-01
9.963088631629942737e-01
9.963158369064331055e-01
9.963228106498719372e-01
9.963297843933105469e-01
9.963367581367492676e-01
9.963436722755433239e-01
9.963505864143370472e-01
9.963575005531312145e-01
9.963644146919250488e-01
9.963712692260742188e-01
9.963781237602234997e-01
9.963849186897277832e-01
9.963917732238768421e-01
9.963985681533814587e-01
9.964053034782409668e-01
9.964120984077452503e-01
9.964188337326048694e-01
9.964255690574644886e-01
9.964322447776794434e-01
9.964389801025390625e-01
9.964456558227539062e-01
9.964523315429687500e-01
9.964589476585387073e-01
9.964655637741089977e-01
9.964721798896790661e-01
9.964787960052490234e-01
9.964853525161743164e-01
9.964919090270997204e-01
9.964984655380247913e-01
9.965050220489503063e-01
9.965115189552307129e-01
9.965180158615113415e-01
9.965245127677917480e-01
9.965309500694274902e-01
9.965374469757080078e-01
9.965438842773437500e-01
9.965502619743347168e-01
9.965566992759704590e-01
9.965630769729614258e-01
9.965694546699523926e-01
9.965757727622985840e-01
9.965821504592895508e-01
9.965884685516357422e-01
9.965947866439820446e-01
9.966010451316832386e-01
9.966073632240295410e-01
9.966136217117309570e-01
9.966198205947877087e-01
9.966260790824890137e-01
9.966322779655455433e-01
9.966384768486022949e-01
9.966446757316589355e-01
9.966508746147155762e-01
9.966570138931273304e-01
9.966631531715394177e-01
9.966692924499511719e-01
9.966753721237182617e-01
9.966815114021300159e-01
9.966875910758971058e-01
9.966936111450195312e-01
9.966996908187866211e-01
9.967057108879089355e-01
9.967117309570313610e-01
9.967177510261535645e-01
9.967237710952758789e-01
9.967297315597533069e-01
9.967356920242309570e-01
9.967416524887086071e-01
9.967475533485413708e-01
9.967535138130187988e-01
9.967594146728515625e-01
9.967653155326843262e-01
9.967711567878723145e-01
9.967770576477051891e-01
9.967828989028930664e-01
9.967887401580810547e-01
9.967945218086243786e-01
9.968003630638123669e-01
9.968061447143555798e-01
9.968119263648987927e-01
9.968177080154420056e-01
9.968234300613403320e-01
9.968292117118836559e-01
9.968349337577819824e-01
9.968405961990355335e-01
9.968463182449340820e-01
9.968519806861877441e-01
9.968576431274414062e-01
9.968633055686949573e-01
9.968689680099486194e-01
9.968746304512023926e-01
9.968802332878113903e-01
9.968858361244201660e-01
9.968914389610289417e-01
9.968969821929931641e-01
9.969025254249572754e-01
9.969080686569213867e-01
9.969136118888854980e-01
9.969301223754882812e-01
9.969574213027954102e-01
9.969843626022338867e-01
9.970110058784484863e-01
9.970373511314393200e-01
9.970633983612060547e-01
9.970891475677491345e-01
9.971145987510681152e-01
9.971396923065184437e-01
9.971645474433898926e-01
9.971891045570374645e-01
9.972134232521057129e-01
9.972373843193054199e-01
9.972611069679260254e-01
9.972845911979675293e-01
9.973077774047851562e-01
9.973307251930236816e-01
9.973533749580384411e-01
9.973757863044739880e-01
9.973979592323303223e-01
9.974198937416075550e-01
9.974415302276611328e-01
9.974629878997802734e-01
9.974841475486755371e-01
9.975051283836364746e-01
9.975258708000181995e-01
9.975463747978210449e-01
9.975666403770446777e-01
9.975866675376893200e-01
9.976065158843994141e-01
9.976261258125305176e-01
9.976455569267272949e-01
9.976647496223448597e-01
9.976837038993835449e-01
9.977024793624879040e-01
9.977210760116577148e-01
9.977394938468933105e-01
9.977576732635498047e-01
9.977756738662719727e-01
9.977934360504150391e-01
9.978110790252686657e-01
9.978284835815429688e-01
9.978457093238829456e-01
9.978628158569335938e-01
9.978796839714049183e-01
9.978963732719421387e-01
9.979129433631896973e-01
9.979292750358581543e-01
9.979454874992370605e-01
9.979614615440368652e-01
9.979773163795472302e-01
9.979930520057678223e-01
9.980085492134095349e-01
9.980239272117614746e-01
9.980391860008239746e-01
9.980542063713073730e-01
9.980691075325013317e-01
9.980838894844055176e-01
9.980984926223754883e-01
9.981129765510559082e-01
9.981272816658018909e-01
9.981414079666136585e-01
9.981554746627808727e-01
9.981693625450133167e-01
9.981830716133117676e-01
9.981967210769654431e-01
9.982101917266844593e-01
9.982235431671141468e-01
9.982367753982543945e-01
9.982498288154602051e-01
9.982627630233763538e-01
9.982756376266479492e-01
9.982883334159851074e-01
9.983009099960327148e-01
9.983133673667907715e-01
9.983257055282592773e-01
9.983379244804382324e-01
9.983499646186828613e-01
9.983619451522827148e-01
9.983738660812377930e-01
