1.000000000000000000e+00 1.000000000000000000e+01
9.485534156941370920e-01 8.982589742565799895e+00
1.084651834256311176e+00 7.859331383296455975e+00
1.200342677921498291e+00 9.046482854515558003e+00
1.051444168453033123e+00 9.656460284323829413e+00
1.163260985473206777e+00 8.109816389289139948e+00
9.830267025560829319e-01 9.423708276131039341e+00
1.118138271626898383e+00 8.905422172215770260e+00
9.939421071950322872e-01 9.054001134422554387e+00
1.003620280485435279e+00 1.049531306238052686e+01
8.961024388963085840e-01 1.126715473918197041e+01
1.082408897194786279e+00 1.064153989992080618e+01
1.102967744810429140e+00 9.397374275529998044e+00
9.975145210484271940e-01 9.050252628333701921e+00
9.733245803194808810e-01 1.043996674990042628e+01
9.306520200154139166e-01 9.652484764604356116e+00
9.269049495837923258e-01 9.157081886800343185e+00
9.280078951736933091e-01 9.899783413380260910e+00
8.876280035205248442e-01 1.022687890893548790e+01
1.166560836148082814e+00 1.079445896737995980e+01
9.962295671474560299e-01 9.220847763640492190e+00
9.276566672754449350e-01 1.174841974742730066e+01
9.975743635735293546e-01 9.535282756816105376e+00
1.019027448073489106e+00 1.227852727358679985e+01
1.013997829125020678e+00 1.085723950895490830e+01
1.031905515811739615e+00 9.733609644906227487e+00
8.948393187392575943e-01 9.630650687195721815e+00
9.685060646706949994e-01 1.056433792248599168e+01
1.084043778166150052e+00 1.103624868442985374e+01
1.037307653088831438e+00 1.103375509508159880e+01
9.307384850759273798e-01 1.144678976855033348e+01
1.045102836015145309e+00 9.838352146929240760e+00
1.054707358855122346e+00 9.908552128727347252e+00
1.125794797741082265e+00 1.163069924416573464e+01
1.259111694495905320e+00 8.829000009855732856e+00
8.857055377856195566e-01 9.390365091080447257e+00
1.003874118641929991e+00 1.084725327041172704e+01
1.032466043933907729e+00 8.235858854785782057e+00
9.729472758637318641e-01 1.065440917049891034e+01
1.020473703812334820e+00 1.086042103439555717e+01
9.799966548301778380e-01 9.882477951341924083e+00
1.016774667892065054e+00 1.040626550267326422e+01
1.021726174347730165e+00 1.016009970887658476e+01
9.371453592631842078e-01 1.040128949040753170e+01
1.005706660788348472e+00 1.123987758372071966e+01
1.128016557878564807e+00 1.030664693683703170e+01
9.748395244727049436e-01 9.409618822067578492e+00
1.040603875566689540e+00 1.001650101960520090e+01
9.700523419817447257e-01 1.004534811163325969e+01
9.370294105822678521e-01 1.072782413101462673e+01
9.500725609096736246e-01 1.138232176496094539e+01
1.035855310536237583e+00 1.074983686338837430e+01
8.994530367671189630e-01 1.024463224394226479e+01
1.065515587121798724e+00 9.112361624719348185e+00
9.799282047477267943e-01 9.939843037663996128e+00
8.699327848850405553e-01 1.031395307374324233e+01
1.073240022823391371e+00 9.204796935447189909e+00
1.043022565583434202e+00 8.697805200165557693e+00
1.000342788917248038e+00 8.390133398236793383e+00
1.118709785278888313e+00 1.023611629383337984e+01
1.008794353891318218e+00 9.275742412150183469e+00
1.136838522365228865e+00 1.208272834758164116e+01
8.411602686215549074e-01 1.153194129446280236e+01
1.156580455669304897e+00 1.049228077237720314e+01
8.999824405190206544e-01 1.095422358781228134e+01
9.717759231410925125e-01 9.500144705827356262e+00
8.817305073811495530e-01 1.051193245660448028e+01
1.068968115267022512e+00 9.442536247544271788e+00
1.060485703681893543e+00 8.867695073870645928e+00
1.089870415822203453e+00 9.926667317520125877e+00
9.899992467325121615e-01 9.891486887550509977e+00
1.089679379831288486e+00 1.076753076732161674e+01
1.063467592862264111e+00 1.021390701222461317e+01
1.014033154211048116e+00 1.066043934581519537e+01
1.024949164783571343e+00 1.077507598150613255e+01
9.718562506376120513e-01 7.897658917866778872e+00
1.106307311065574339e+00 1.215427774982633835e+01
1.055737121814163348e+00 1.009539297774431255e+01
9.918131436183529326e-01 9.891037883156952759e+00
1.000919307861893426e+00 8.928850106262201436e+00
9.496920002328269605e-01 8.949097263979210126e+00
1.019913847419917641e+00 9.600524522499139124e+00
1.052841762088375654e+00 9.786834275693811591e+00
1.109359490984240360e+00 1.019384164793759773e+01
1.257905774273500032e+00 8.288498817376284578e+00
9.591125555151679416e-01 1.073986114020304150e+01
1.282303264557552724e+00 9.824304062380701197e+00
1.029664157046243700e+00 9.758913686653066577e+00
1.145760925519473394e+00 9.693096261660084423e+00
1.085036776699118688e+00 9.655114881428310980e+00
8.877239181404790180e-01 1.028236340883658606e+01
1.039156194732517635e+00 1.141230530150560796e+01
9.928220857876445260e-01 9.526330496122492164e+00
1.057127928878377698e+00 1.019407075261560891e+01
1.034193691093806322e+00 9.946253410182281485e+00
1.126816122423557331e+00 1.037081331934179218e+01
1.224344351368502837e+00 1.121589309158706982e+01
1.089964936466312651e+00 8.596162901758281905e+00
1.071271735705308759e+00 1.027266410688068632e+01
1.091966080859971600e+00 1.113083775967802680e+01
