1.000000000000000000e+00 7.389056098930650407e+00
9.485534156941370920e-01 8.106799368653483384e+00
1.084651834256311176e+00 7.236346443062251055e+00
1.200342677921498291e+00 8.346071543471959231e+00
1.051444168453033123e+00 8.910604264626606152e+00
1.163260985473206777e+00 7.483571376852774293e+00
9.830267025560829319e-01 8.696021115636451526e+00
1.118138271626898383e+00 8.217758070646576485e+00
9.939421071950322872e-01 8.354864142684835571e+00
1.003620280485435279e+00 9.684880048571050892e+00
8.961024388963085840e-01 1.039712122076897671e+01
1.082408897194786279e+00 9.819815461713641724e+00
1.102967744810429140e+00 8.671722521214322299e+00
9.975145210484271940e-01 8.351405109422431750e+00
9.733245803194808810e-01 9.633807501059038714e+00
9.306520200154139166e-01 8.907133744462417013e+00
9.269049495837923258e-01 8.449985165873307835e+00
9.280078951736933091e-01 9.135336346506317540e+00
8.876280035205248442e-01 9.437173997346789633e+00
1.166560836148082814e+00 9.960926338276999914e+00
9.962295671474560299e-01 8.508827133221537053e+00
9.276566672754449350e-01 1.084122363602690697e+01
9.975743635735293546e-01 8.798981907505616817e+00
1.019027448073489106e+00 1.133039701983408598e+01
1.013997829125020678e+00 1.001885905653503706e+01
1.031905515811739615e+00 8.981994277938937898e+00
8.948393187392575943e-01 8.886985663174705508e+00
9.685060646706949994e-01 9.748574910196808219e+00
1.084043778166150052e+00 1.018404540039627904e+01
1.037307653088831438e+00 1.018174436243865699e+01
9.307384850759273798e-01 1.056288509121526253e+01
1.045102836015145309e+00 9.078648714283636068e+00
1.054707358855122346e+00 9.143427954239287558e+00
1.125794797741082265e+00 1.073259334107308760e+01
1.259111694495905320e+00 8.147237300598671794e+00
8.857055377856195566e-01 8.665254575930212866e+00
1.003874118641929991e+00 1.000964394099977284e+01
1.032466043933907729e+00 7.599897654238764844e+00
9.729472758637318641e-01 9.831690985709682806e+00
1.020473703812334820e+00 1.002179490914732973e+01
9.799966548301778380e-01 9.119367187409540776e+00
1.016774667892065054e+00 9.602708615774274037e+00
1.021726174347730165e+00 9.375551391273992508e+00
9.371453592631842078e-01 9.598116844034061401e+00
1.005706660788348472e+00 1.037195036833493944e+01
1.128016557878564807e+00 9.510782452617963401e+00
9.748395244727049436e-01 8.683021561443743153e+00
1.040603875566689540e+00 9.243041186693305988e+00
9.700523419817447257e-01 9.269660747676702783e+00
9.370294105822678521e-01 9.899436948340552433e+00
9.500725609096736246e-01 1.050339521433766699e+01
1.035855310536237583e+00 9.919749889113376184e+00
8.994530367671189630e-01 9.453556445304174716e+00
1.065515587121798724e+00 8.408718138247062157e+00
9.799282047477267943e-01 9.172302624096994705e+00
8.699327848850405553e-01 9.517524420118142814e+00
1.073240022823391371e+00 8.494015726944947886e+00
1.043022565583434202e+00 8.026173165820150501e+00
1.000342788917248038e+00 7.742259338861464002e+00
1.118709785278888313e+00 9.445698084640488545e+00
1.008794353891318218e+00 8.559482895758872445e+00
1.136838522365228865e+00 1.114971740588169524e+01
8.411602686215549074e-01 1.064146133850742970e+01
1.156580455669304897e+00 9.682081909801993902e+00
8.999824405190206544e-01 1.010835416401594777e+01
9.717759231410925125e-01 8.766557166383600830e+00
8.817305073811495530e-01 9.700216119177607510e+00
1.068968115267022512e+00 8.713397150568669147e+00
1.060485703681893543e+00 8.182944387306047673e+00
1.089870415822203453e+00 9.160144314152656619e+00
9.899992467325121615e-01 9.127680466493851341e+00
1.089679379831288486e+00 9.936077495179430841e+00
1.063467592862264111e+00 9.425203771882479487e+00
1.014033154211048116e+00 9.837255519542631887e+00
1.024949164783571343e+00 9.943040078753613287e+00
9.718562506376120513e-01 7.287813031059377167e+00
1.106307311065574339e+00 1.121574186597375444e+01
1.055737121814163348e+00 9.315841221051755383e+00
9.918131436183529326e-01 9.127266133575146156e+00
1.000919307861893426e+00 8.239377115866888701e+00
9.496920002328269605e-01 8.258060817123990205e+00
1.019913847419917641e+00 8.859185797678501118e+00
1.052841762088375654e+00 9.031108979125836100e+00
1.109359490984240360e+00 9.406687826227615901e+00
1.257905774273500032e+00 7.648472834467632708e+00
9.591125555151679416e-01 9.910544476955116977e+00
1.282303264557552724e+00 9.065685402661925352e+00
1.029664157046243700e+00 9.005344377898801156e+00
1.145760925519473394e+00 8.944609280001687424e+00
1.085036776699118688e+00 8.909560767440009244e+00
8.877239181404790180e-01 9.488374063797650138e+00
1.039156194732517635e+00 1.053106346522314318e+01
9.928220857876445260e-01 8.790720927534357187e+00
1.057127928878377698e+00 9.406899239771206567e+00
1.034193691093806322e+00 9.178217996849673099e+00
1.126816122423557331e+00 9.569993999158194597e+00
1.224344351368502837e+00 1.034981792426096980e+01
1.089964936466312651e+00 7.932379539817439706e+00
1.071271735705308759e+00 9.479423728018211648e+00
1.091966080859971600e+00 1.027133044300934550e+01
