1.176405234596766380e+00 1.004001572083672222e+01
1.097873798410573976e+00 1.017408931992014587e+01
1.186755799014996837e+00 9.802272212012359986e+00
1.095008841752558970e+00 9.834864279170229651e+00
9.896781148206441614e-01 9.841059850193838443e+00
1.014404357116087896e+00 9.895427350696296642e+00
1.076103772514699353e+00 9.712167501649282997e+00
1.044386323274542505e+00 9.683367432737426839e+00
1.149407907315760591e+00 9.579484173623420418e+00
1.031306770165090203e+00 9.464590426069827700e+00
7.447010184165920865e-01 9.565361859544035283e+00
1.086443619885950618e+00 9.375783497959355728e+00
1.226975462398760763e+00 9.254563432540123813e+00
1.004575851730144631e+00 9.331281614997417151e+00
1.153277921435845732e+00 9.446935876990028902e+00
1.015494742569691633e+00 9.287816251960217429e+00
9.112214252369886802e-01 9.001920353177606415e+00
9.652087850673847225e-01 9.165634896910399121e+00
1.123029068072772141e+00 9.220237984878441040e+00
9.612673182592047505e-01 9.019769724942467093e+00
8.951447034932906721e-01 8.857998206282102771e+00
8.293729809374987827e-01 9.145077539523178700e+00
9.490347818248346945e-01 8.856192569838881923e+00
8.747204639950073579e-01 8.927749035583190107e+00
8.386102152442048707e-01 8.778725971978603937e+00
9.104533438806323709e-01 8.788690249785926056e+00
9.489194862431127309e-01 8.581936781587758745e+00
9.971817771661345420e-01 8.692833187053041755e+00
1.006651722238316893e+00 8.630247189773978533e+00
9.365677906319036516e-01 8.513725883401287220e+00
9.327539552224048958e-01 8.464044683845946437e+00
9.186853717955545395e-01 8.277371739766831382e+00
1.017742614225375375e+00 8.359821906379174550e+00
8.369801653033954736e-01 8.396278225552576302e+00
9.092701635616757816e-01 8.305194539579614954e+00
1.072909056217753676e+00 8.262898291075741142e+00
1.113940068454330135e+00 8.076517417964634404e+00
1.040234164117754823e+00 8.081518990905969702e+00
9.129202850818117776e-01 8.042115033523558054e+00
9.688447467872627339e-01 8.055616534222975744e+00
8.834850159216642851e-01 8.090082648695418044e+00
1.046566243973046095e+00 7.796375631372276516e+00
1.148825219379560059e+00 8.089588917603059315e+00
1.117877957115965160e+00 7.832007516418764581e+00
8.929247378489457709e-01 7.905445172693113420e+00
9.596823053026820594e-01 7.872244507038242745e+00
1.020827497807686113e+00 7.797663903648370365e+00
1.035636639717440133e+00 7.720657316819194982e+00
1.001050002072082057e+00 7.778587049390583097e+00
1.012691209270361936e+00 7.590198936344470404e+00
1.188315069705625504e+00 7.365224093885755607e+00
8.729515001514266404e-01 7.546939670815800305e+00
8.826876594885839644e-01 7.594362118564929709e+00
9.586381019240253210e-01 7.275254518855923891e+00
1.192294202648038537e+00 7.448051479143442677e+00
1.186755896042656966e+00 7.340604465827538228e+00
9.138774314945297128e-01 7.391006495309902391e+00
9.731996629048619285e-01 7.230245639579639949e+00
1.094725196777374787e+00 7.084498990690915932e+00
1.061407937034608118e+00 7.142220667156652603e+00
1.037642553115562860e+00 6.890059920941580707e+00
1.029823817420605581e+00 7.082638589668702522e+00
9.305432140268634633e-01 6.885036545967233579e+00
9.564846448278362390e-01 7.034926372847933429e+00
1.067229475701243491e+00 6.840746183624110799e+00
9.230083925554684043e-01 6.803924919129181959e+00
9.325667339342623707e-01 6.703183055827434345e+00
9.364153921621118926e-01 6.717643329494650040e+00
1.057659081661494138e+00 6.579170124442200063e+00
1.039600671266164511e+00 6.440693849126949644e+00
8.508742407294394017e-01 6.543939170126453320e+00
1.016667349537252907e+00 6.513503143689209907e+00
1.238314477486394338e+00 6.494447948699042072e+00
9.087177774555841303e-01 6.461701628809584541e+00
8.684092589488479064e-01 6.253841539518528947e+00
9.931758394675368473e-01 6.421334272164936685e+00
9.255245177951559876e-01 6.117356146134097727e+00
9.901547475574568047e-01 6.083652171363789662e+00
1.112663592210650698e+00 5.992006849163657556e+00
8.852531347588897814e-01 6.006217995525556574e+00
9.501967549307694938e-01 6.192953205381698467e+00
1.094942080692576036e+00 5.958755124138519044e+00
8.774564481169832009e-01 5.984436297640153946e+00
8.999784652610435254e-01 5.695522890322238574e+00
1.118802979235230088e+00 5.831694261192485129e+00
1.092085882378081907e+00 5.781872765294302496e+00
1.085683061190269028e+00 5.634897440669985436e+00
8.965757158215534872e-01 5.718159451828162432e+00
9.196590335826159146e-01 5.531045022224979846e+00
9.544467496482657021e-01 5.551747915902505603e+00
9.646006088746515994e-01 5.362504870658198364e+00
9.356381597167109376e-01 5.227659684777557381e+00
1.062523145102718836e+00 5.239794234439324683e+00
8.895616660571549206e-01 5.355216507926097158e+00
9.260437003608686934e-01 5.454301459540673136e+00
8.707143090276551201e-01 5.276705086934918576e+00
9.960717181772504869e-01 5.083190650225879459e+00
1.052327666053175292e+00 5.132845366877774929e+00
1.077179055121366691e+00 5.182350415396372867e+00
1.216323594928069074e+00 5.183652794943639286e+00
