2.176405234596766602e-01 1.004001572083672276e+06
2.097873798410574142e-01 1.013408931992014637e+06
2.186755799014996893e-01 9.722272212012358941e+05
2.095008841752559192e-01 9.714864279170230730e+05
1.989678114820644383e-01 9.681059850193837192e+05
2.014404357116088007e-01 9.695427350696297362e+05
2.076103772514699408e-01 9.472167501649282640e+05
2.044386323274542672e-01 9.403367432737426134e+05
2.149407907315760702e-01 9.259484173623420065e+05
2.031306770165090259e-01 9.104590426069827517e+05
1.744701018416592309e-01 9.165361859544035979e+05
2.086443619885950673e-01 8.935783497959355591e+05
2.226975462398760874e-01 8.774563432540124049e+05
2.004575851730144853e-01 8.811281614997417200e+05
2.153277921435845788e-01 8.886935876990028191e+05
2.015494742569691744e-01 8.687816251960217487e+05
1.911221425236988847e-01 8.361920353177607758e+05
1.965208785067384945e-01 8.485634896910397802e+05
2.123029068072772307e-01 8.500237984878440620e+05
1.961267318259204973e-01 8.259769724942466710e+05
1.895144703493290839e-01 8.057998206282102037e+05
1.829372980937498949e-01 8.305077539523178712e+05
1.949034781824834639e-01 7.976192569838881027e+05
1.874720463995007413e-01 8.007749035583190853e+05
1.838610215244204926e-01 7.818725971978603629e+05
1.910453343880632593e-01 7.788690249785926426e+05
1.948919486243112786e-01 7.541936781587759033e+05
1.997181777166134597e-01 7.612833187053041765e+05
2.006651722238316782e-01 7.510247189773977734e+05
1.936567790631903707e-01 7.353725883401286555e+05
1.932753955222404896e-01 7.264044683845945401e+05
1.918685371795554595e-01 7.037371739766832907e+05
2.017742614225375430e-01 7.079821906379173743e+05
1.836980165303395696e-01 7.076278225552577060e+05
1.909270163561676004e-01 6.945194539579614066e+05
2.072909056217753787e-01 6.862898291075740708e+05
2.113940068454330246e-01 6.636517417964634951e+05
2.040234164117754878e-01 6.601518990905968240e+05
1.912920285081811944e-01 6.522115033523557940e+05
1.968844746787262734e-01 6.495616534222974442e+05
1.883485015921664563e-01 6.490082648695418611e+05
2.046566243973046151e-01 6.156375631372277858e+05
2.148825219379560114e-01 6.409588917603058508e+05
2.117877957115965049e-01 6.112007516418765299e+05
1.892924737848945826e-01 6.145445172693113564e+05
1.959682305302682115e-01 6.072244507038242882e+05
2.020827497807686224e-01 5.957663903648371343e+05
2.035636639717440244e-01 5.840657316819194239e+05
2.001050002072082279e-01 5.858587049390583998e+05
2.012691209270362214e-01 5.630198936344470130e+05
2.188315069705625560e-01 5.365224093885755865e+05
1.872951500151426862e-01 5.506939670815800782e+05
1.882687659488584131e-01 5.514362118564929115e+05
1.958638101924025376e-01 5.155254518855924252e+05
2.192294202648038537e-01 5.288051479143442120e+05
2.186755896042656966e-01 5.140604465827538515e+05
1.913877431494529768e-01 5.151006495309903403e+05
1.973199662904862040e-01 4.950245639579639537e+05
2.094725196777375009e-01 4.764498990690916544e+05
2.061407937034608062e-01 4.782220667156652780e+05
2.037642553115563138e-01 4.490059920941580785e+05
2.029823817420605692e-01 4.642638589668702916e+05
1.930543214026863574e-01 4.405036545967232669e+05
1.956484644827836406e-01 4.514926372847934254e+05
2.067229475701243546e-01 4.280746183624111000e+05
1.923008392555468349e-01 4.203924919129181653e+05
1.932566733934262537e-01 4.063183055827434873e+05
1.936415392162111893e-01 4.037643329494650243e+05
2.057659081661494249e-01 3.859170124442200758e+05
2.039600671266164622e-01 3.680693849126949208e+05
1.850874240729439568e-01 3.743939170126453973e+05
2.016667349537253073e-01 3.673503143689210410e+05
2.238314477486394449e-01 3.614447948699041153e+05
1.908717777455584130e-01 3.541701628809585236e+05
1.868409258948847962e-01 3.293841539518529316e+05
1.993175839467536958e-01 3.421334272164936410e+05
1.925524517795156043e-01 3.077356146134098526e+05
1.990154747557456860e-01 3.003652171363789239e+05
2.112663592210650698e-01 2.872006849163657753e+05
1.885253134758889948e-01 2.846217995525556616e+05
1.950196754930769716e-01 2.992953205381698790e+05
2.094942080692576147e-01 2.718755124138519168e+05
1.877456448116983367e-01 2.704436297640154953e+05
1.899978465261043525e-01 2.375522890322238964e+05
2.118802979235230310e-01 2.471694261192484992e+05
2.092085882378081907e-01 2.381872765294302080e+05
2.085683061190269361e-01 2.194897440669985372e+05
1.896575715821553765e-01 2.238159451828162710e+05
1.919659033582616081e-01 2.011045022224980057e+05
1.954446749648265924e-01 1.991747915902505629e+05
1.964600608874651766e-01 1.762504870658198197e+05
1.935638159716711049e-01 1.587659684777557268e+05
2.062523145102718725e-01 1.559794234439325228e+05
1.889561666057155143e-01 1.635216507926097547e+05
1.926043700360868804e-01 1.694301459540673532e+05
1.870714309027655120e-01 1.476705086934918363e+05
1.996071718177250542e-01 1.243190650225880236e+05
2.052327666053175570e-01 1.252845366877775232e+05
2.077179055121366746e-01 1.262350415396373137e+05
2.216323594928069074e-01 1.223652794943639165e+05
