1.000000000000000000e+00 1.000000000000000000e+01 2.000000029802322388e-01 1.000000000000000000e+06 5.000000000000000000e-01
8.406498432159423828e-01 1.641205406188964844e+01 9.657438844442367554e-02 8.792607500000000000e+05 5.000000000000000000e-01
1.436806440353393555e+00 8.101960182189941406e+00 1.516918540000915527e-01 9.595603750000000000e+05 5.000000000000000000e-01
1.621998786926269531e+00 8.083836555480957031e+00 1.702854484319686890e-01 8.742111250000000000e+05 5.000000000000000000e-01
2.034286022186279297e+00 1.886576843261718750e+01 2.659875154495239258e-01 1.107840500000000000e+06 5.000000000000000000e-01
1.339404463768005371e+00 1.666450691223144531e+01 1.554121226072311401e-01 1.437621500000000000e+06 5.000000000000000000e-01
7.068465352058410645e-01 8.691358566284179688e+00 2.560122311115264893e-01 6.754979375000000000e+05 5.000000000000000000e-01
9.261539578437805176e-01 7.614337921142578125e+00 1.898667216300964355e-01 4.152779375000000000e+05 5.000000000000000000e-01
5.832546353340148926e-01 7.888190269470214844e+00 2.627903521060943604e-01 8.693830625000000000e+05 5.000000000000000000e-01
9.483237266540527344e-01 1.200508213043212891e+01 1.578681766986846924e-01 1.073679000000000000e+06 5.000000000000000000e-01
7.812063694000244141e-01 6.065146923065185547e+00 1.737107783555984497e-01 1.196320875000000000e+06 5.000000000000000000e-01
1.079918026924133301e+00 9.478569030761718750e+00 4.042099416255950928e-01 1.152344750000000000e+06 5.000000000000000000e-01
1.351627349853515625e+00 1.946607017517089844e+01 1.455403715372085571e-01 7.427048125000000000e+05 5.000000000000000000e-01
1.738885879516601562e+00 8.412974357604980469e+00 1.954756677150726318e-01 1.337830250000000000e+06 5.000000000000000000e-01
1.380625128746032715e+00 1.663934326171875000e+01 3.125368654727935791e-01 1.418957875000000000e+06 5.000000000000000000e-01
8.190919160842895508e-01 1.335595512390136719e+01 2.298069149255752563e-01 6.956648125000000000e+05 5.000000000000000000e-01
1.499653100967407227e+00 1.311417579650878906e+01 2.055843919515609741e-01 8.992300625000000000e+05 5.000000000000000000e-01
7.268995642662048340e-01 1.090861892700195312e+01 2.308118790388107300e-01 7.710761875000000000e+05 5.000000000000000000e-01
1.372679352760314941e+00 7.258121013641357422e+00 1.073093563318252563e-01 1.330987750000000000e+06 5.000000000000000000e-01
9.145406484603881836e-01 9.325287818908691406e+00 1.461746543645858765e-01 6.355931250000000000e+05 5.000000000000000000e-01
1.444318890571594238e+00 8.076340675354003906e+00 3.190192878246307373e-01 1.217589125000000000e+06 5.000000000000000000e-01
9.439674019813537598e-01 7.067096710205078125e+00 1.682199239730834961e-01 7.088795625000000000e+05 5.000000000000000000e-01
1.859611630439758301e+00 1.014726257324218750e+01 2.775703668594360352e-01 6.605961875000000000e+05 5.000000000000000000e-01
1.123385906219482422e+00 1.425924587249755859e+01 1.869030147790908813e-01 1.307181250000000000e+06 5.000000000000000000e-01
7.307121753692626953e-01 6.882801055908203125e+00 2.225974053144454956e-01 9.167086250000000000e+05 5.000000000000000000e-01
1.174970269203186035e+00 5.322072505950927734e+00 2.503103315830230713e-01 2.161483000000000000e+06 5.000000000000000000e-01
1.008774757385253906e+00 9.485416412353515625e+00 2.158579677343368530e-01 6.178477500000000000e+05 5.000000000000000000e-01
1.137368917465209961e+00 6.145248889923095703e+00 1.772646456956863403e-01 1.383628750000000000e+06 5.000000000000000000e-01
8.124561309814453125e-01 1.107033729553222656e+01 2.677548229694366455e-01 1.123100500000000000e+06 5.000000000000000000e-01
6.491743922233581543e-01 9.143204689025878906e+00 3.706714808940887451e-01 5.510639375000000000e+05 5.000000000000000000e-01
8.816667199134826660e-01 8.398014068603515625e+00 2.205758094787597656e-01 1.179244875000000000e+06 5.000000000000000000e-01
1.600015282630920410e+00 9.061697006225585938e+00 2.577041387557983398e-01 1.181056625000000000e+06 5.000000000000000000e-01
1.208410024642944336e+00 8.360807418823242188e+00 1.520896852016448975e-01 7.309779375000000000e+05 5.000000000000000000e-01
8.122065663337707520e-01 1.081774711608886719e+01 2.445005327463150024e-01 1.067910000000000000e+06 5.000000000000000000e-01
8.306999802589416504e-01 1.732648849487304688e+01 3.218440413475036621e-01 9.051725625000000000e+05 5.000000000000000000e-01
7.667625546455383301e-01 1.098592281341552734e+01 3.067649900913238525e-01 1.094028250000000000e+06 5.000000000000000000e-01
1.150741815567016602e+00 9.472227096557617188e+00 2.393615245819091797e-01 1.603758625000000000e+06 5.000000000000000000e-01
9.437820911407470703e-01 1.038284873962402344e+01 2.197362780570983887e-01 1.141510750000000000e+06 5.000000000000000000e-01
6.509303450584411621e-01 5.716070175170898438e+00 1.486852914094924927e-01 1.065685125000000000e+06 5.000000000000000000e-01
1.131134986877441406e+00 8.064344406127929688e+00 2.934907376766204834e-01 9.640703750000000000e+05 5.000000000000000000e-01
1.018587589263916016e+00 9.233910560607910156e+00 2.163458466529846191e-01 1.230823125000000000e+06 5.000000000000000000e-01
1.223282337188720703e+00 7.576777458190917969e+00 3.183885812759399414e-01 7.351066875000000000e+05 5.000000000000000000e-01
1.044900774955749512e+00 8.957726478576660156e+00 1.529506593942642212e-01 9.480859375000000000e+05 5.000000000000000000e-01
8.042445182800292969e-01 1.010924530029296875e+01 2.197351455688476562e-01 1.546892000000000000e+06 5.000000000000000000e-01
1.072969555854797363e+00 8.333670616149902344e+00 1.795119792222976685e-01 1.089390375000000000e+06 5.000000000000000000e-01
1.035703897476196289e+00 1.521426963806152344e+01 3.007007837295532227e-01 9.056350000000000000e+05 5.000000000000000000e-01
8.512201309204101562e-01 4.842512130737304688e+00 1.766942888498306274e-01 7.383560000000000000e+05 5.000000000000000000e-01
8.846565485000610352e-01 1.045986175537109375e+01 2.083220928907394409e-01 9.614398125000000000e+05 5.000000000000000000e-01
1.048771023750305176e+00 9.672102928161621094e+00 2.130442410707473755e-01 3.778534687500000000e+05 5.000000000000000000e-01
9.267919659614562988e-01 9.640721321105957031e+00 1.816818565130233765e-01 8.498386875000000000e+05 5.000000000000000000e-01
1.225550889968872070e+00 8.326928138732910156e+00 3.833398520946502686e-01 1.209513500000000000e+06 5.000000000000000000e-01
1.018618106842041016e+00 9.228322982788085938e+00 2.079756855964660645e-01 7.744746875000000000e+05 5.000000000000000000e-01
9.736376404762268066e-01 1.078503322601318359e+01 2.389107942581176758e-01 1.159918625000000000e+06 5.000000000000000000e-01
9.183884263038635254e-01 6.588448047637939453e+00 1.665613800287246704e-01 1.646238375000000000e+06 5.000000000000000000e-01
1.297324419021606445e+00 1.071606731414794922e+01 1.562775671482086182e-01 1.052262750000000000e+06 5.000000000000000000e-01
7.042159438133239746e-01 8.532820701599121094e+00 1.812881976366043091e-01 9.017682500000000000e+05 5.000000000000000000e-01
1.286484837532043457e+00 6.430811882019042969e+00 1.527594923973083496e-01 6.552449375000000000e+05 5.000000000000000000e-01
7.075021266937255859e-01 9.930923461914062500e+00 1.204506307840347290e-01 1.201878875000000000e+06 5.000000000000000000e-01
8.970477581024169922e-01 1.020143508911132812e+01 2.094285488128662109e-01 8.941682500000000000e+05 5.000000000000000000e-01
1.348346829414367676e+00 9.452474594116210938e+00 2.401214838027954102e-01 9.315365625000000000e+05 5.000000000000000000e-01
1.124288320541381836e+00 1.081412410736083984e+01 2.195524424314498901e-01 7.412744375000000000e+05 5.000000000000000000e-01
1.153127431869506836e+00 9.158887863159179688e+00 2.439080178737640381e-01 5.088070312500000000e+05 5.000000000000000000e-01
6.535820960998535156e-01 1.105444622039794922e+01 3.567527830600738525e-01 1.200753125000000000e+06 5.000000000000000000e-01
7.809345126152038574e-01 6.079935550689697266e+00 2.648055553436279297e-01 9.941371875000000000e+05 5.000000000000000000e-01
1.164724826812744141e+00 9.849450111389160156e+00 2.075304538011550903e-01 2.427834250000000000e+06 5.000000000000000000e-01
1.013499855995178223e+00 9.519045829772949219e+00 1.935583204030990601e-01 9.172630000000000000e+05 5.000000000000000000e-01
1.347674965858459473e+00 8.948892593383789062e+00 2.412482053041458130e-01 1.079766500000000000e+06 5.000000000000000000e-01
1.485176801681518555e+00 1.121815490722656250e+01 1.416065990924835205e-01 6.768728125000000000e+05 5.000000000000000000e-01
1.587347149848937988e+00 8.427217483520507812e+00 1.300098448991775513e-01 7.866965000000000000e+05 5.000000000000000000e-01
1.530499219894409180e+00 6.419943809509277344e+00 1.477169692516326904e-01 7.992883125000000000e+05 5.000000000000000000e-01
7.169153094291687012e-01 6.705776691436767578e+00 1.230490505695343018e-01 8.514967500000000000e+05 5.000000000000000000e-01
8.695735335350036621e-01 7.829213619232177734e+00 1.160051524639129639e-01 1.433221625000000000e+06 5.000000000000000000e-01
6.618615388870239258e-01 1.060709285736083984e+01 1.371971666812896729e-01 1.266791750000000000e+06 5.000000000000000000e-01
1.278234481811523438e+00 7.730664253234863281e+00 1.081493124365806580e-01 1.261605250000000000e+06 5.000000000000000000e-01
1.799102902412414551e+00 1.104032421112060547e+01 1.973542273044586182e-01 1.308873250000000000e+06 5.000000000000000000e-01
1.334084510803222656e+00 7.875726222991943359e+00 1.638973355293273926e-01 1.233991125000000000e+06 5.000000000000000000e-01
9.857234358787536621e-01 1.449330520629882812e+01 1.587145030498504639e-01 1.279166000000000000e+06 5.000000000000000000e-01
1.106667757034301758e+00 9.991792678833007812e+00 2.780968844890594482e-01 1.256892375000000000e+06 5.000000000000000000e-01
7.472504973411560059e-01 1.211650562286376953e+01 3.122423887252807617e-01 9.838624375000000000e+05 5.000000000000000000e-01
9.014666676521301270e-01 8.338549613952636719e+00 2.082589864730834961e-01 1.226584250000000000e+06 5.000000000000000000e-01
7.743946313858032227e-01 6.556836605072021484e+00 1.794037520885467529e-01 6.746952500000000000e+05 5.000000000000000000e-01
1.140421748161315918e+00 8.434837341308593750e+00 1.168427467346191406e-01 8.659469375000000000e+05 5.000000000000000000e-01
9.563372135162353516e-01 1.124928188323974609e+01 1.814462542533874512e-01 1.726721875000000000e+06 5.000000000000000000e-01
8.520793318748474121e-01 9.930764198303222656e+00 1.920409053564071655e-01 9.702844375000000000e+05 5.000000000000000000e-01
1.027080297470092773e+00 1.175477695465087891e+01 2.977595031261444092e-01 6.226358750000000000e+05 5.000000000000000000e-01
8.603371977806091309e-01 8.885503768920898438e+00 2.757430076599121094e-01 8.569478125000000000e+05 5.000000000000000000e-01
5.578887462615966797e-01 1.014608383178710938e+01 2.044504731893539429e-01 1.039237875000000000e+06 5.000000000000000000e-01
6.904522776603698730e-01 1.677258682250976562e+01 1.818823963403701782e-01 9.487211875000000000e+05 5.000000000000000000e-01
7.356186509132385254e-01 7.964550971984863281e+00 1.372769773006439209e-01 8.840361875000000000e+05 5.000000000000000000e-01
7.276181578636169434e-01 1.811548042297363281e+01 1.093045473098754883e-01 7.041070625000000000e+05 5.000000000000000000e-01
8.587974309921264648e-01 1.298832225799560547e+01 1.662964969873428345e-01 1.182589500000000000e+06 5.000000000000000000e-01
7.325209379196166992e-01 1.044913291931152344e+01 3.313168585300445557e-01 7.606722500000000000e+05 5.000000000000000000e-01
1.099377393722534180e+00 1.068730640411376953e+01 1.070539206266403198e-01 8.154245000000000000e+05 5.000000000000000000e-01
1.417394042015075684e+00 1.048300647735595703e+01 1.305998712778091431e-01 1.205420625000000000e+06 5.000000000000000000e-01
8.968605399131774902e-01 1.119332218170166016e+01 2.145999222993850708e-01 7.283847500000000000e+05 5.000000000000000000e-01
1.253654599189758301e+00 7.475310802459716797e+00 1.361323297023773193e-01 7.433849375000000000e+05 5.000000000000000000e-01
9.219901561737060547e-01 1.003729915618896484e+01 1.526386290788650513e-01 1.213843375000000000e+06 5.000000000000000000e-01
1.069634675979614258e+00 8.121524810791015625e+00 2.541668117046356201e-01 1.444408125000000000e+06 5.000000000000000000e-01
9.773859381675720215e-01 9.182353019714355469e+00 1.203198134899139404e-01 9.180680000000000000e+05 5.000000000000000000e-01
9.141694307327270508e-01 1.067248344421386719e+01 1.807243674993515015e-01 1.066795875000000000e+06 5.000000000000000000e-01
