3.964193344116210938e+01 4.662320556640625000e+02 1.178336914062500000e+03 1.307475219726562500e+03 7.413297119140625000e+02 6.610670166015625000e+02 5.653190307617187500e+02 4.738187866210937500e+02 3.707032470703125000e+02 2.925567016601562500e+02
5.305751800537109375e+01 5.424445800781250000e+02 1.849679077148437500e+03 2.306335937500000000e+03 1.423825683593750000e+03 1.282339599609375000e+03 1.131449707031250000e+03 9.502366333007812500e+02 7.685526733398437500e+02 6.218231811523437500e+02
2.246467018127441406e+01 2.689899291992187500e+02 7.560955200195312500e+02 7.713963623046875000e+02 4.166592712402343750e+02 3.368261413574218750e+02 2.741237487792968750e+02 2.123709564208984375e+02 1.602610015869140625e+02 1.198759231567382812e+02
2.281830215454101562e+01 2.876894226074218750e+02 7.055810546875000000e+02 6.913850097656250000e+02 3.525614013671875000e+02 2.768763732910156250e+02 2.183329925537109375e+02 1.642075195312500000e+02 1.216677474975585938e+02 9.067671966552734375e+01
8.242761993408203125e+01 1.348294921875000000e+03 2.494327880859375000e+03 1.644520507812500000e+03 6.468181152343750000e+02 4.362911376953125000e+02 3.148047180175781250e+02 2.197936401367187500e+02 1.543114776611328125e+02 1.114270553588867188e+02
4.753492736816406250e+01 5.628784790039062500e+02 1.607313354492187500e+03 1.700037597656250000e+03 9.240139770507812500e+02 7.733833007812500000e+02 6.424908447265625000e+02 4.974163818359375000e+02 3.860193786621093750e+02 2.912045898437500000e+02
5.277600860595703125e+01 6.958831176757812500e+02 1.584340332031250000e+03 1.542831909179687500e+03 8.787003784179687500e+02 7.941948852539062500e+02 7.199290771484375000e+02 6.048717041015625000e+02 4.956628417968750000e+02 4.070554504394531250e+02
2.748423385620117188e+01 2.925071411132812500e+02 8.653072509765625000e+02 1.014812866210937500e+03 6.100173339843750000e+02 5.418792114257812500e+02 4.798391113281250000e+02 3.890602111816406250e+02 3.169236450195312500e+02 2.569180908203125000e+02
6.183361434936523438e+01 8.529457397460937500e+02 1.801876831054687500e+03 1.599675048828125000e+03 8.891361694335937500e+02 8.369107055664062500e+02 7.509502563476562500e+02 6.435211791992187500e+02 5.306606445312500000e+02 4.460345764160156250e+02
3.996840667724609375e+01 4.125601196289062500e+02 1.316973022460937500e+03 1.559244018554687500e+03 9.354804687500000000e+02 8.202918090820312500e+02 7.414458007812500000e+02 5.996697387695312500e+02 4.826869201660156250e+02 3.827869873046875000e+02
2.610972595214843750e+01 2.660440368652343750e+02 7.521427001953125000e+02 8.978944702148437500e+02 5.519861450195312500e+02 5.019164428710937500e+02 4.540905456542968750e+02 3.803259277343750000e+02 3.056753845214843750e+02 2.522323913574218750e+02
3.274461364746093750e+02 6.285557617187500000e+03 1.361672265625000000e+04 8.815871093750000000e+03 2.775550292968750000e+03 1.380573242187500000e+03 7.869731445312500000e+02 4.857259216308593750e+02 3.412964477539062500e+02 2.603785705566406250e+02
5.065930938720703125e+01 6.341629638671875000e+02 1.797499389648437500e+03 1.962264648437500000e+03 1.071226318359375000e+03 9.015057373046875000e+02 7.314125366210937500e+02 5.748146972656250000e+02 4.341535949707031250e+02 3.394928894042968750e+02
3.074709510803222656e+01 4.261921386718750000e+02 8.315259399414062500e+02 6.828925781250000000e+02 3.341907043457031250e+02 2.560788269042968750e+02 1.964564208984375000e+02 1.454184112548828125e+02 1.062219619750976562e+02 7.862104797363281250e+01
1.572581939697265625e+02 2.803663330078125000e+03 5.312843750000000000e+03 3.325276367187500000e+03 1.243191284179687500e+03 8.240546875000000000e+02 6.300133056640625000e+02 4.698077697753906250e+02 3.539032592773437500e+02 2.707927856445312500e+02
5.848551559448242188e+01 6.669071655273437500e+02 1.762141723632812500e+03 1.976662963867187500e+03 1.169521972656250000e+03 1.074727661132812500e+03 9.437454223632812500e+02 7.923132934570312500e+02 6.386434936523437500e+02 5.318502807617187500e+02
4.270788955688476562e+01 5.698525390625000000e+02 1.305050659179687500e+03 1.216117309570312500e+03 6.455046386718750000e+02 5.143309326171875000e+02 4.042476806640625000e+02 3.103323669433593750e+02 2.410279846191406250e+02 1.817207183837890625e+02
5.392542648315429688e+01 6.154665527343750000e+02 1.559368530273437500e+03 1.727253540039062500e+03 1.046983398437500000e+03 9.748217163085937500e+02 8.617289428710937500e+02 7.341793212890625000e+02 6.027943115234375000e+02 4.937908020019531250e+02
1.901446533203125000e+01 2.288027801513671875e+02 6.781714477539062500e+02 7.346890869140625000e+02 3.928883972167968750e+02 3.188672485351562500e+02 2.645158996582031250e+02 2.027065124511718750e+02 1.584117279052734375e+02 1.203650054931640625e+02
3.074850845336914062e+01 3.151298217773437500e+02 1.024156616210937500e+03 1.252172485351562500e+03 7.500715942382812500e+02 6.710991821289062500e+02 5.944605712890625000e+02 4.937547302246093750e+02 3.914718017578125000e+02 3.231975097656250000e+02
1.287708129882812500e+02 2.451012695312500000e+03 4.442080566406250000e+03 2.500384521484375000e+03 7.750797119140625000e+02 4.316526489257812500e+02 3.012469482421875000e+02 2.140362548828125000e+02 1.603978271484375000e+02 1.211010208129882812e+02
2.479924964904785156e+01 2.608657531738281250e+02 7.879915161132812500e+02 9.322901611328125000e+02 5.590598754882812500e+02 4.979718322753906250e+02 4.299942932128906250e+02 3.583883361816406250e+02 2.875155029296875000e+02 2.305274200439453125e+02
5.332431793212890625e+01 9.013124389648437500e+02 1.651348022460937500e+03 1.088735595703125000e+03 4.198665771484375000e+02 2.833045043945312500e+02 2.100305175781250000e+02 1.499661865234375000e+02 1.090354232788085938e+02 7.987831115722656250e+01
4.862973403930664062e+01 5.736937255859375000e+02 1.511275756835937500e+03 1.707099365234375000e+03 9.684761352539062500e+02 8.305025634765625000e+02 7.098756103515625000e+02 5.629403076171875000e+02 4.517882385253906250e+02 3.483599853515625000e+02
3.886333465576171875e+01 4.780258483886718750e+02 1.064153930664062500e+03 1.114843994140625000e+03 6.451989746093750000e+02 6.077920532226562500e+02 5.505657958984375000e+02 4.626429443359375000e+02 3.818283996582031250e+02 3.116524963378906250e+02
7.767088317871093750e+01 1.300092651367187500e+03 1.947353271484375000e+03 1.050272949218750000e+03 4.045642089843750000e+02 3.044523010253906250e+02 2.428636627197265625e+02 1.963411865234375000e+02 1.541491241455078125e+02 1.214133453369140625e+02
3.646036529541015625e+01 4.480520935058593750e+02 1.145565673828125000e+03 1.222197387695312500e+03 7.057233276367187500e+02 6.345042724609375000e+02 5.379364013671875000e+02 4.377030334472656250e+02 3.488228759765625000e+02 2.765060119628906250e+02
2.490183258056640625e+01 2.809832153320312500e+02 6.882151489257812500e+02 7.220546264648437500e+02 4.181608886718750000e+02 3.554116516113281250e+02 3.041813659667968750e+02 2.366687316894531250e+02 1.884893798828125000e+02 1.465935974121093750e+02
8.137510681152343750e+01 1.188050292968750000e+03 2.386955566406250000e+03 2.013435791015625000e+03 1.020817504882812500e+03 9.206564331054687500e+02 7.940292968750000000e+02 6.701389770507812500e+02 5.385071411132812500e+02 4.304272766113281250e+02
1.324932556152343750e+02 2.279847656250000000e+03 4.981142578125000000e+03 3.576912597656250000e+03 1.470775878906250000e+03 1.059469604492187500e+03 8.515474243164062500e+02 6.998919677734375000e+02 5.621775512695312500e+02 4.647886352539062500e+02
4.582532882690429688e+01 5.754287109375000000e+02 1.223026733398437500e+03 1.236748168945312500e+03 6.991696777343750000e+02 6.286947021484375000e+02 5.540751953125000000e+02 4.606699218750000000e+02 3.700411987304687500e+02 2.975019836425781250e+02
6.171538925170898438e+01 1.017316101074218750e+03 1.716044433593750000e+03 1.086715454101562500e+03 4.575524902343750000e+02 3.289793395996093750e+02 2.516804962158203125e+02 1.890660400390625000e+02 1.390566253662109375e+02 1.057681274414062500e+02
2.492469787597656250e+01 2.796516723632812500e+02 8.265089111328125000e+02 9.178999023437500000e+02 5.172176513671875000e+02 4.504541931152343750e+02 3.748555908203125000e+02 2.984412536621093750e+02 2.294252929687500000e+02 1.793340148925781250e+02
6.454527282714843750e+01 8.551261596679687500e+02 1.816791259765625000e+03 1.717501220703125000e+03 9.693255615234375000e+02 8.775049438476562500e+02 7.849634399414062500e+02 6.500297851562500000e+02 5.314572143554687500e+02 4.329440612792968750e+02
1.414140319824218750e+02 2.271063232421875000e+03 4.890456054687500000e+03 3.784102783203125000e+03 1.806535156250000000e+03 1.461302856445312500e+03 1.235739135742187500e+03 1.022513549804687500e+03 8.361690063476562500e+02 6.705490112304687500e+02
1.204430313110351562e+02 2.039239013671875000e+03 3.915471435546875000e+03 2.763439697265625000e+03 1.231861816406250000e+03 9.853699951171875000e+02 8.414625244140625000e+02 7.106798095703125000e+02 5.955364990234375000e+02 4.644108886718750000e+02
6.448905944824218750e+01 9.535761108398437500e+02 1.714570312500000000e+03 1.323819946289062500e+03 6.547047729492187500e+02 5.340598754882812500e+02 4.586634216308593750e+02 3.702913513183593750e+02 2.844004211425781250e+02 2.243972167968750000e+02
5.072898864746093750e+01 6.105695190429687500e+02 1.427339843750000000e+03 1.449245117187500000e+03 8.232805786132812500e+02 7.307868041992187500e+02 6.376122436523437500e+02 5.288569335937500000e+02 4.225555725097656250e+02 3.364945983886718750e+02
2.329029464721679688e+01 2.098310394287109375e+02 7.002673339843750000e+02 9.130123291015625000e+02 5.828213500976562500e+02 5.366876831054687500e+02 5.070892333984375000e+02 4.261065063476562500e+02 3.554694519042968750e+02 2.969158020019531250e+02
8.176610565185546875e+01 1.435613769531250000e+03 2.570548095703125000e+03 1.676800292968750000e+03 6.789379882812500000e+02 4.979566040039062500e+02 4.075323486328125000e+02 3.216244812011718750e+02 2.478912506103515625e+02 1.945818328857421875e+02
4.581543350219726562e+01 5.885985717773437500e+02 1.245187622070312500e+03 1.241189819335937500e+03 6.793610839843750000e+02 5.935414428710937500e+02 5.279892578125000000e+02 4.231014404296875000e+02 3.319179077148437500e+02 2.633827209472656250e+02
8.435868835449218750e+01 1.568973144531250000e+03 2.919916015625000000e+03 1.891055786132812500e+03 6.828811035156250000e+02 4.521448364257812500e+02 3.508178405761718750e+02 2.631704101562500000e+02 2.063838043212890625e+02 1.582049713134765625e+02
2.912706375122070312e+01 3.075305175781250000e+02 9.408377075195312500e+02 1.104416259765625000e+03 6.440926513671875000e+02 5.565508422851562500e+02 4.825447998046875000e+02 3.962576599121093750e+02 3.090338439941406250e+02 2.479843597412109375e+02
5.842615509033203125e+01 7.172835693359375000e+02 1.552031372070312500e+03 1.552860717773437500e+03 9.163674926757812500e+02 8.240624389648437500e+02 7.183985595703125000e+02 6.149200439453125000e+02 5.005576477050781250e+02 4.050373229980468750e+02
3.096650505065917969e+01 3.400012512207031250e+02 9.117369995117187500e+02 1.009702087402343750e+03 5.868026123046875000e+02 5.073844604492187500e+02 4.364180603027343750e+02 3.564123840332031250e+02 2.788063354492187500e+02 2.172934417724609375e+02
1.080479202270507812e+02 1.754857910156250000e+03 3.509422363281250000e+03 2.734412109375000000e+03 1.275116943359375000e+03 1.019097412109375000e+03 8.631699218750000000e+02 6.837636108398437500e+02 5.329017944335937500e+02 4.323425292968750000e+02
1.983023452758789062e+01 2.017881774902343750e+02 5.815496826171875000e+02 6.748219604492187500e+02 4.068635559082031250e+02 3.789159851074218750e+02 3.321102600097656250e+02 2.801619873046875000e+02 2.234682464599609375e+02 1.799578247070312500e+02
4.533821105957031250e+01 5.141793823242187500e+02 1.319178588867187500e+03 1.472733276367187500e+03 8.653709106445312500e+02 7.862952270507812500e+02 6.866494140625000000e+02 5.658148193359375000e+02 4.615549926757812500e+02 3.703434448242187500e+02
3.370228958129882812e+01 3.835706481933593750e+02 1.078382812500000000e+03 1.209890380859375000e+03 7.041064453125000000e+02 6.028907470703125000e+02 5.232972412109375000e+02 4.258549804687500000e+02 3.350160522460937500e+02 2.624446411132812500e+02
3.553944015502929688e+01 3.748063659667968750e+02 1.133102661132812500e+03 1.296699462890625000e+03 7.717089843750000000e+02 6.939334716796875000e+02 6.116615600585937500e+02 5.023098144531250000e+02 3.927908935546875000e+02 3.257106323242187500e+02
2.706722412109375000e+02 5.184262695312500000e+03 1.084644140625000000e+04 6.735408203125000000e+03 2.043273925781250000e+03 9.643916625976562500e+02 5.386312255859375000e+02 3.384504394531250000e+02 2.419870605468750000e+02 1.754090881347656250e+02
3.695503616333007812e+01 4.368868408203125000e+02 1.108913085937500000e+03 1.195733154296875000e+03 6.728381958007812500e+02 6.061935424804687500e+02 5.189458618164062500e+02 4.228859252929687500e+02 3.334648132324218750e+02 2.690702819824218750e+02
6.022008895874023438e+01 8.326898193359375000e+02 1.693827392578125000e+03 1.567527221679687500e+03 8.420775146484375000e+02 7.419383544921875000e+02 6.502503051757812500e+02 5.310654907226562500e+02 4.161250305175781250e+02 3.369795837402343750e+02
2.707334709167480469e+01 2.813019714355468750e+02 7.525857543945312500e+02 8.796440429687500000e+02 5.153784179687500000e+02 4.703322143554687500e+02 4.132626342773437500e+02 3.453028564453125000e+02 2.789736328125000000e+02 2.199000701904296875e+02
3.111486625671386719e+01 3.667782897949218750e+02 1.044275390625000000e+03 1.138435302734375000e+03 6.251026611328125000e+02 5.304511718750000000e+02 4.341493225097656250e+02 3.379900512695312500e+02 2.590595397949218750e+02 1.999296112060546875e+02
3.550129318237304688e+01 3.540890808105468750e+02 1.042183471679687500e+03 1.341529418945312500e+03 8.078161010742187500e+02 7.687797851562500000e+02 7.001424560546875000e+02 5.988782958984375000e+02 4.907759399414062500e+02 3.959945373535156250e+02
1.839728736877441406e+01 2.148041229248046875e+02 6.203677368164062500e+02 6.711315917968750000e+02 3.741671142578125000e+02 3.206087951660156250e+02 2.627867736816406250e+02 2.087445373535156250e+02 1.590389556884765625e+02 1.207329101562500000e+02
3.591441345214843750e+01 3.311345214843750000e+02 1.174666137695312500e+03 1.544861816406250000e+03 9.580036621093750000e+02 8.940926513671875000e+02 8.138263549804687500e+02 6.863663330078125000e+02 5.625140991210937500e+02 4.647500915527343750e+02
4.363066101074218750e+01 4.952312316894531250e+02 1.298660644531250000e+03 1.414659301757812500e+03 8.427161865234375000e+02 7.572730712890625000e+02 6.613748168945312500e+02 5.523211059570312500e+02 4.370040893554687500e+02 3.549892272949218750e+02
4.747682189941406250e+01 6.816198120117187500e+02 1.350657104492187500e+03 1.094612304687500000e+03 5.363822021484375000e+02 4.381284484863281250e+02 3.668913879394531250e+02 2.781044616699218750e+02 2.104480438232421875e+02 1.595531768798828125e+02
4.306602096557617188e+01 5.229578857421875000e+02 1.306505249023437500e+03 1.332800659179687500e+03 7.268753662109375000e+02 6.276119995117187500e+02 5.370253906250000000e+02 4.296342468261718750e+02 3.348807373046875000e+02 2.638389587402343750e+02
3.851451110839843750e+01 5.287655639648437500e+02 1.198832641601562500e+03 1.147718261718750000e+03 6.154224853515625000e+02 5.280781860351562500e+02 4.363190917968750000e+02 3.538576354980468750e+02 2.715096740722656250e+02 2.165566253662109375e+02
2.201869506835937500e+02 4.018685058593750000e+03 8.120300781250000000e+03 5.364790039062500000e+03 1.978483032226562500e+03 1.306293090820312500e+03 1.054775512695312500e+03 8.465196533203125000e+02 6.836577758789062500e+02 5.643477172851562500e+02
5.808463668823242188e+01 9.215791625976562500e+02 1.687691772460937500e+03 1.242960937500000000e+03 5.977135009765625000e+02 5.164996948242187500e+02 4.612697753906250000e+02 3.828344726562500000e+02 3.122575683593750000e+02 2.569147033691406250e+02
5.645298004150390625e+01 7.392669677734375000e+02 1.395193969726562500e+03 1.205780151367187500e+03 6.483063964843750000e+02 5.518622436523437500e+02 4.647292480468750000e+02 3.696585998535156250e+02 2.859168701171875000e+02 2.229424285888671875e+02
3.572249984741210938e+01 4.118795166015625000e+02 1.084945068359375000e+03 1.229516601562500000e+03 6.932600708007812500e+02 6.194018554687500000e+02 5.431933593750000000e+02 4.359587097167968750e+02 3.492756347656250000e+02 2.755760192871093750e+02
5.057551956176757812e+01 7.428864135742187500e+02 1.393827026367187500e+03 1.087450805664062500e+03 5.152117309570312500e+02 4.124594726562500000e+02 3.364605407714843750e+02 2.638319091796875000e+02 2.005515136718750000e+02 1.558369750976562500e+02
2.903227424621582031e+01 3.548738098144531250e+02 1.009111389160156250e+03 1.047506958007812500e+03 5.541501464843750000e+02 4.522875061035156250e+02 3.602823181152343750e+02 2.754895935058593750e+02 2.073414306640625000e+02 1.548018341064453125e+02
2.094854354858398438e+01 2.636051025390625000e+02 7.153494262695312500e+02 7.316423339843750000e+02 3.815860290527343750e+02 2.979885864257812500e+02 2.401001739501953125e+02 1.795450744628906250e+02 1.348669128417968750e+02 1.003525848388671875e+02
1.708905220031738281e+01 2.105745544433593750e+02 5.669207153320312500e+02 5.876350708007812500e+02 3.059522399902343750e+02 2.442178344726562500e+02 1.936938476562500000e+02 1.479324645996093750e+02 1.117584533691406250e+02 8.326189422607421875e+01
2.406275367736816406e+01 2.287063751220703125e+02 8.005018310546875000e+02 1.009529541015625000e+03 6.337550659179687500e+02 5.987769165039062500e+02 5.436361083984375000e+02 4.599061889648437500e+02 3.794059753417968750e+02 3.087248229980468750e+02
2.582505989074707031e+01 2.635198059082031250e+02 8.795740966796875000e+02 1.083212768554687500e+03 6.490014038085937500e+02 6.002462158203125000e+02 5.231143798828125000e+02 4.370229187011718750e+02 3.562866821289062500e+02 2.846817321777343750e+02
3.946702575683593750e+01 3.659440917968750000e+02 1.300447143554687500e+03 1.693401977539062500e+03 1.063687866210937500e+03 1.016774230957031250e+03 9.208828125000000000e+02 7.832783203125000000e+02 6.429677734375000000e+02 5.377721557617187500e+02
2.085496330261230469e+01 2.486623229980468750e+02 7.432586669921875000e+02 8.305164184570312500e+02 4.545638122558593750e+02 3.851626586914062500e+02 3.126750183105468750e+02 2.498002777099609375e+02 1.946293640136718750e+02 1.497266998291015625e+02
3.675254821777343750e+01 5.010852966308593750e+02 1.016676635742187500e+03 8.684547119140625000e+02 4.187040100097656250e+02 3.166247253417968750e+02 2.424160766601562500e+02 1.784683380126953125e+02 1.280349731445312500e+02 9.489336395263671875e+01
2.497604751586914062e+01 2.948294982910156250e+02 7.783680419921875000e+02 8.292922363281250000e+02 4.442554016113281250e+02 3.659673767089843750e+02 2.995867614746093750e+02 2.370348510742187500e+02 1.824149627685546875e+02 1.385933990478515625e+02
4.814888381958007812e+01 5.060101623535156250e+02 1.553817260742187500e+03 1.847952392578125000e+03 1.088146728515625000e+03 9.730250854492187500e+02 8.467546997070312500e+02 6.919036865234375000e+02 5.530181884765625000e+02 4.409754333496093750e+02
8.770795440673828125e+01 1.498513305664062500e+03 2.629966552734375000e+03 1.866820678710937500e+03 7.906279296875000000e+02 6.099429931640625000e+02 5.087400207519531250e+02 4.033935852050781250e+02 3.177179260253906250e+02 2.519055480957031250e+02
1.218572692871093750e+02 2.017851684570312500e+03 4.097756347656250000e+03 3.011279785156250000e+03 1.367582397460937500e+03 1.092801513671875000e+03 9.689339599609375000e+02 7.988778686523437500e+02 6.517781982421875000e+02 5.256453247070312500e+02
4.070492172241210938e+01 4.868412780761718750e+02 1.133860595703125000e+03 1.148367309570312500e+03 6.828548583984375000e+02 6.114962158203125000e+02 5.437636108398437500e+02 4.481177673339843750e+02 3.563279724121093750e+02 2.903953857421875000e+02
2.658512115478515625e+01 2.606333007812500000e+02 7.908438720703125000e+02 9.505143432617187500e+02 5.947691040039062500e+02 5.457382812500000000e+02 4.933902587890625000e+02 4.122736816406250000e+02 3.381822204589843750e+02 2.751884460449218750e+02
2.426500701904296875e+01 2.742561645507812500e+02 8.567749023437500000e+02 9.955747070312500000e+02 5.555161132812500000e+02 4.768269042968750000e+02 4.145251770019531250e+02 3.256221618652343750e+02 2.590558471679687500e+02 2.010034027099609375e+02
4.461440658569335938e+01 4.903526306152343750e+02 1.299147949218750000e+03 1.497126098632812500e+03 8.728397827148437500e+02 7.726337890625000000e+02 6.722183837890625000e+02 5.589324340820312500e+02 4.481640319824218750e+02 3.638776245117187500e+02
3.985866165161132812e+01 4.263162536621093750e+02 1.208197631835937500e+03 1.414835571289062500e+03 8.441227416992187500e+02 7.709613647460937500e+02 6.794290771484375000e+02 5.577174072265625000e+02 4.587403869628906250e+02 3.693804321289062500e+02
7.480764770507812500e+01 1.183651367187500000e+03 2.506301025390625000e+03 2.023444213867187500e+03 9.524796752929687500e+02 7.790187988281250000e+02 6.557011108398437500e+02 5.331116333007812500e+02 4.159382324218750000e+02 3.406996459960937500e+02
6.840578460693359375e+01 1.054855712890625000e+03 2.074271728515625000e+03 1.629897949218750000e+03 8.202128295898437500e+02 6.968518066406250000e+02 6.127638549804687500e+02 5.053157043457031250e+02 4.030791320800781250e+02 3.318784484863281250e+02
5.117741775512695312e+01 5.106383972167968750e+02 1.439863647460937500e+03 1.763830322265625000e+03 1.133132202148437500e+03 1.080616088867187500e+03 9.927615966796875000e+02 8.636770629882812500e+02 7.349866943359375000e+02 6.079231567382812500e+02
6.490689086914062500e+01 6.401066284179687500e+02 2.018975097656250000e+03 2.613562500000000000e+03 1.644675292968750000e+03 1.523879638671875000e+03 1.409411987304687500e+03 1.192194946289062500e+03 9.900892333984375000e+02 8.048162231445312500e+02
2.919978332519531250e+01 2.688740844726562500e+02 9.423141479492187500e+02 1.212214721679687500e+03 7.451627197265625000e+02 6.976229858398437500e+02 6.327743530273437500e+02 5.290189208984375000e+02 4.442340698242187500e+02 3.528567504882812500e+02
6.368670272827148438e+01 5.974988403320312500e+02 2.155612060546875000e+03 2.754763183593750000e+03 1.724278564453125000e+03 1.620430664062500000e+03 1.438049926757812500e+03 1.210973388671875000e+03 1.003809387207031250e+03 8.213236694335937500e+02
4.723283386230468750e+01 4.713229675292968750e+02 1.490963989257812500e+03 1.829133178710937500e+03 1.085249755859375000e+03 1.004181274414062500e+03 8.859090576171875000e+02 7.361920776367187500e+02 5.953427734375000000e+02 4.786856384277343750e+02
1.152905502319335938e+02 1.972996215820312500e+03 4.214678710937500000e+03 3.003877929687500000e+03 1.294452880859375000e+03 1.024136474609375000e+03 8.418834838867187500e+02 7.114141845703125000e+02 5.741975708007812500e+02 4.760868225097656250e+02
3.122053527832031250e+01 3.468917236328125000e+02 1.097389770507812500e+03 1.289036499023437500e+03 7.283981323242187500e+02 6.324948120117187500e+02 5.427053222656250000e+02 4.396244201660156250e+02 3.464847717285156250e+02 2.716064758300781250e+02
2.789949226379394531e+01 3.312226562500000000e+02 9.634023437500000000e+02 1.017389709472656250e+03 5.470389404296875000e+02 4.432351074218750000e+02 3.724950561523437500e+02 2.817507324218750000e+02 2.150167999267578125e+02 1.605420379638671875e+02
4.658584213256835938e+01 5.316787109375000000e+02 1.427192626953125000e+03 1.558449951171875000e+03 9.256585693359375000e+02 8.244331054687500000e+02 7.287996826171875000e+02 6.023340454101562500e+02 4.879252624511718750e+02 3.892171630859375000e+02
2.092505264282226562e+01 2.437613830566406250e+02 7.284758911132812500e+02 8.203317260742187500e+02 4.400256347656250000e+02 3.826289672851562500e+02 3.181058654785156250e+02 2.497446441650390625e+02 1.942784576416015625e+02 1.526819763183593750e+02
3.449813079833984375e+01 3.560426635742187500e+02 1.107737060546875000e+03 1.342881347656250000e+03 7.964627075195312500e+02 7.098928222656250000e+02 6.303559570312500000e+02 5.190493774414062500e+02 4.173411865234375000e+02 3.347690124511718750e+02
6.763178253173828125e+01 1.081041625976562500e+03 1.858153076171875000e+03 1.355174926757812500e+03 6.222364501953125000e+02 5.165634765625000000e+02 4.282149963378906250e+02 3.436928710937500000e+02 2.690820312500000000e+02 2.210308532714843750e+02
2.882606506347656250e+01 2.955099487304687500e+02 9.753195190429687500e+02 1.189795288085937500e+03 6.895484619140625000e+02 6.143766479492187500e+02 5.483248901367187500e+02 4.372628173828125000e+02 3.507351989746093750e+02 2.805686340332031250e+02
3.979297256469726562e+01 4.248986206054687500e+02 1.245693237304687500e+03 1.422585571289062500e+03 8.568265991210937500e+02 7.755514526367187500e+02 6.711724853515625000e+02 5.630354003906250000e+02 4.493121337890625000e+02 3.624057922363281250e+02
