2.739713281250000000e+04 1.357737304687500000e+04 6.698404296875000000e+03 4.334897460937500000e+03 1.974358398437500000e+03 1.577076049804687500e+03 1.268985961914062500e+03 1.025962646484375000e+03 7.856546020507812500e+02 6.107254638671875000e+02
1.313089257812500000e+04 1.323148535156250000e+04 1.030471191406250000e+04 7.628086914062500000e+03 3.789410156250000000e+03 3.058404052734375000e+03 2.539497070312500000e+03 2.057428955078125000e+03 1.628784912109375000e+03 1.298056030273437500e+03
1.554847460937500000e+04 7.568457031250000000e+03 4.298422363281250000e+03 2.564175048828125000e+03 1.111345336914062500e+03 8.041046752929687500e+02 6.155247192382812500e+02 4.599232788085937500e+02 3.396828613281250000e+02 2.502611999511718750e+02
1.997462890625000000e+04 8.533923828125000000e+03 4.047089111328125000e+03 2.302152099609375000e+03 9.410132446289062500e+02 6.611786499023437500e+02 4.903144226074218750e+02 3.556419372558593750e+02 2.578922424316406250e+02 1.893076324462890625e+02
9.764420312500000000e+04 4.290873437500000000e+04 1.484326074218750000e+04 5.531971191406250000e+03 1.731880981445312500e+03 1.042833984375000000e+03 7.071962890625000000e+02 4.761057739257812500e+02 3.271138916015625000e+02 2.326412506103515625e+02
2.859473828125000000e+04 1.550607324218750000e+04 9.109059570312500000e+03 5.646567871093750000e+03 2.463738281250000000e+03 1.846013549804687500e+03 1.442566162109375000e+03 1.077195800781250000e+03 8.181743164062500000e+02 6.079307861328125000e+02
3.894937109375000000e+04 2.077962500000000000e+04 9.138881835937500000e+03 5.122607421875000000e+03 2.339077392578125000e+03 1.893903686523437500e+03 1.615709228515625000e+03 1.309587646484375000e+03 1.050421997070312500e+03 8.497130737304687500e+02
1.291300976562500000e+04 7.861058105468750000e+03 4.863156738281250000e+03 3.360057617187500000e+03 1.624082763671875000e+03 1.292574096679687500e+03 1.077048950195312500e+03 8.424108886718750000e+02 6.716651000976562500e+02 5.363228149414062500e+02
5.135787890625000000e+04 2.608820117187500000e+04 1.048985253906250000e+04 5.319229003906250000e+03 2.366764892578125000e+03 1.995465698242187500e+03 1.685184204101562500e+03 1.393200927734375000e+03 1.124560424804687500e+03 9.310647583007812500e+02
1.757210937500000000e+04 1.081282812500000000e+04 7.378840820312500000e+03 5.162250976562500000e+03 2.490732421875000000e+03 1.956754272460937500e+03 1.664279541015625000e+03 1.298443237304687500e+03 1.022977111816406250e+03 7.990800781250000000e+02
1.718194335937500000e+04 7.598087890625000000e+03 4.228103515625000000e+03 2.969654785156250000e+03 1.468779907226562500e+03 1.196964111328125000e+03 1.019145202636718750e+03 8.234537353515625000e+02 6.478058471679687500e+02 5.265309448242187500e+02
2.711899062500000000e+05 1.838452656250000000e+05 8.031159375000000000e+04 2.978500195312500000e+04 7.468018554687500000e+03 3.308133544921875000e+03 1.769221923828125000e+03 1.052266723632812500e+03 7.234415893554687500e+02 5.435795288085937500e+02
2.531880859375000000e+04 1.697585351562500000e+04 1.017369628906250000e+04 6.517759277343750000e+03 2.856374023437500000e+03 2.151874023437500000e+03 1.642233886718750000e+03 1.244813232421875000e+03 9.201979980468750000e+02 7.087404174804687500e+02
3.594694921875000000e+04 1.376495312500000000e+04 4.859399902343750000e+03 2.279619384765625000e+03 8.924993286132812500e+02 6.116328735351562500e+02 4.412221374511718750e+02 3.149618835449218750e+02 2.251582946777343750e+02 1.641413421630859375e+02
1.569256562500000000e+05 8.626433593750000000e+04 3.160376757812500000e+04 1.121037695312500000e+04 3.330999755859375000e+03 1.969185424804687500e+03 1.414865966796875000e+03 1.017460266113281250e+03 7.501160888671875000e+02 5.653222045898437500e+02
3.316826171875000000e+04 1.882970703125000000e+04 9.992245117187500000e+03 6.547524414062500000e+03 3.112931640625000000e+03 2.563197021484375000e+03 2.118172363281250000e+03 1.715483520507812500e+03 1.353463989257812500e+03 1.110234497070312500e+03
3.611407812500000000e+04 1.707728906250000000e+04 7.515125976562500000e+03 4.048967285156250000e+03 1.722332519531250000e+03 1.227995239257812500e+03 9.077492065429687500e+02 6.720902709960937500e+02 5.108802795410156250e+02 3.793758544921875000e+02
3.358194140625000000e+04 1.776462109375000000e+04 8.867573242187500000e+03 5.720037597656250000e+03 2.785958496093750000e+03 2.324584960937500000e+03 1.933960693359375000e+03 1.589557739257812500e+03 1.277463256835937500e+03 1.030772705078125000e+03
9.922347656250000000e+03 6.105524902343750000e+03 3.839046142578125000e+03 2.440683837890625000e+03 1.047696899414062500e+03 7.611546020507812500e+02 5.939240112304687500e+02 4.389829711914062500e+02 3.357585754394531250e+02 2.512800903320312500e+02
1.091381445312500000e+04 7.993595214843750000e+03 5.723795410156250000e+03 4.144195312500000000e+03 1.996819824218750000e+03 1.600776611328125000e+03 1.334317260742187500e+03 1.069095703125000000e+03 8.296549682617187500e+02 6.746819458007812500e+02
1.368959531250000000e+05 7.603025000000000000e+04 2.660116796875000000e+04 8.468754882812500000e+03 2.083040771484375000e+03 1.032643676757812500e+03 6.767230834960937500e+02 4.635722961425781250e+02 3.399796447753906250e+02 2.528200073242187500e+02
1.252301855468750000e+04 7.027846679687500000e+03 4.423880371093750000e+03 3.086784912109375000e+03 1.488491699218750000e+03 1.187872558593750000e+03 9.651794433593750000e+02 7.760039672851562500e+02 6.093419799804687500e+02 4.812328491210937500e+02
5.962980859375000000e+04 2.842270703125000000e+04 9.829680664062500000e+03 3.664165039062500000e+03 1.124226928710937500e+03 6.770717773437500000e+02 4.717795104980468750e+02 3.248298339843750000e+02 2.311282196044921875e+02 1.667689514160156250e+02
3.178223632812500000e+04 1.635741406250000000e+04 8.571116210937500000e+03 5.662703125000000000e+03 2.580357421875000000e+03 1.981676391601562500e+03 1.593617553710937500e+03 1.218994628906250000e+03 9.575286254882812500e+02 7.272294311523437500e+02
3.097199804687500000e+04 1.455993164062500000e+04 6.108909667968750000e+03 3.695215576171875000e+03 1.716988647460937500e+03 1.449372192382812500e+03 1.235627319335937500e+03 1.001661315917968750e+03 8.091853637695312500e+02 6.505648803710937500e+02
1.013270781250000000e+05 4.342796875000000000e+04 1.180897851562500000e+04 3.544165527343750000e+03 1.082001342773437500e+03 7.268742675781250000e+02 5.452613525390625000e+02 4.251697998046875000e+02 3.267104492187500000e+02 2.534619598388671875e+02
2.351570312500000000e+04 1.289697363281250000e+04 6.519908691406250000e+03 4.053669677734375000e+03 1.879682617187500000e+03 1.513735839843750000e+03 1.207527465820312500e+03 9.477642822265625000e+02 7.392834472656250000e+02 5.772197265625000000e+02
2.213954101562500000e+04 8.563937500000000000e+03 3.926628173828125000e+03 2.396034423828125000e+03 1.114195800781250000e+03 8.480729980468750000e+02 6.828712768554687500e+02 5.124869384765625000e+02 3.994891052246093750e+02 3.060264892578125000e+02
7.195025781250000000e+04 3.656212109375000000e+04 1.397891406250000000e+04 6.714038574218750000e+03 2.720473144531250000e+03 2.196091064453125000e+03 1.782172363281250000e+03 1.450956909179687500e+03 1.141245727539062500e+03 8.985140380859375000e+02
1.025196718750000000e+05 6.667248437500000000e+04 2.923002148437500000e+04 1.201423632812500000e+04 3.934960693359375000e+03 2.529907714843750000e+03 1.911609619140625000e+03 1.515384155273437500e+03 1.191385498046875000e+03 9.702246704101562500e+02
3.950898828125000000e+04 1.776951953125000000e+04 7.054634765625000000e+03 4.105122558593750000e+03 1.861723266601562500e+03 1.499593383789062500e+03 1.243642211914062500e+03 9.974468383789062500e+02 7.842312011718750000e+02 6.210391235351562500e+02
7.190741406250000000e+04 3.281432031250000000e+04 1.025563085937500000e+04 3.653998535156250000e+03 1.223786987304687500e+03 7.858272094726562500e+02 5.652183227539062500e+02 4.094798583984375000e+02 2.947493896484375000e+02 2.208136291503906250e+02
1.308663964843750000e+04 7.529164550781250000e+03 4.664139648437500000e+03 3.045428222656250000e+03 1.378422973632812500e+03 1.074980346679687500e+03 8.415737304687500000e+02 6.462673339843750000e+02 4.862569580078125000e+02 3.743785095214843750e+02
5.240081640625000000e+04 2.602817773437500000e+04 1.051463769531250000e+04 5.706376464843750000e+03 2.581164550781250000e+03 2.092908691406250000e+03 1.761796752929687500e+03 1.407414306640625000e+03 1.126304321289062500e+03 9.037677612304687500e+02
1.109292187500000000e+05 6.731660156250000000e+04 2.862183984375000000e+04 1.265971484375000000e+04 4.821928710937500000e+03 3.487101562500000000e+03 2.773804443359375000e+03 2.213949462890625000e+03 1.772085449218750000e+03 1.399770385742187500e+03
1.092205468750000000e+05 6.218973046875000000e+04 2.312930078125000000e+04 9.267535156250000000e+03 3.289531982421875000e+03 2.351349365234375000e+03 1.888714111328125000e+03 1.538728027343750000e+03 1.262096923828125000e+03 9.694486694335937500e+02
6.980166406250000000e+04 3.071808203125000000e+04 1.013371777343750000e+04 4.422727539062500000e+03 1.746408447265625000e+03 1.274540161132812500e+03 1.029697875976562500e+03 8.018410644531250000e+02 6.027672729492187500e+02 4.684488220214843750e+02
4.039408593750000000e+04 1.847235546875000000e+04 8.198477539062500000e+03 4.809757324218750000e+03 2.192552246093750000e+03 1.743274047851562500e+03 1.431208129882812500e+03 1.145112915039062500e+03 8.955373535156250000e+02 7.024423828125000000e+02
9.796006835937500000e+03 5.386448242187500000e+03 3.889208007812500000e+03 3.015024169921875000e+03 1.550015747070312500e+03 1.279608276367187500e+03 1.137984008789062500e+03 9.225283203125000000e+02 7.533112792968750000e+02 6.197958984375000000e+02
8.350214062500000000e+04 4.475009375000000000e+04 1.530281640625000000e+04 5.641452148437500000e+03 1.815914306640625000e+03 1.189028686523437500e+03 9.149826049804687500e+02 6.964623413085937500e+02 5.253876953125000000e+02 4.062059020996093750e+02
4.015064843750000000e+04 1.816976757812500000e+04 7.184812988281250000e+03 4.122844726562500000e+03 1.809814208984375000e+03 1.416052368164062500e+03 1.185208618164062500e+03 9.161506958007812500e+02 7.034570922851562500e+02 5.498248291015625000e+02
8.276678125000000000e+04 4.809864062500000000e+04 1.736538476562500000e+04 6.376370117187500000e+03 1.829751220703125000e+03 1.080357543945312500e+03 7.877932739257812500e+02 5.699171142578125000e+02 4.374267578125000000e+02 3.302707214355468750e+02
1.412248437500000000e+04 8.167169921875000000e+03 5.285689941406250000e+03 3.659349853515625000e+03 1.715523315429687500e+03 1.327824829101562500e+03 1.083215209960937500e+03 8.580336303710937500e+02 6.549609375000000000e+02 5.176818847656250000e+02
5.029727343750000000e+04 2.219496093750000000e+04 8.944710937500000000e+03 5.151289062500000000e+03 2.439346191406250000e+03 1.965342895507812500e+03 1.612379394531250000e+03 1.331391723632812500e+03 1.060817871093750000e+03 8.455117187500000000e+02
2.133777734375000000e+04 9.782857421875000000e+03 5.165344726562500000e+03 3.347803222656250000e+03 1.563144531250000000e+03 1.210580078125000000e+03 9.796899414062500000e+02 7.717631225585937500e+02 5.909008178710937500e+02 4.536145629882812500e+02
9.193153906250000000e+04 5.290791406250000000e+04 2.060058398437500000e+04 9.151447265625000000e+03 3.404253662109375000e+03 2.432345703125000000e+03 1.937751708984375000e+03 1.480593383789062500e+03 1.129422729492187500e+03 9.025395507812500000e+02
1.236502734375000000e+04 5.699867675781250000e+03 3.272593261718750000e+03 2.233166259765625000e+03 1.082911132812500000e+03 9.037383422851562500e+02 7.454151000976562500e+02 6.066021118164062500e+02 4.735949707031250000e+02 3.756626281738281250e+02
2.994613671875000000e+04 1.491135058593750000e+04 7.491645507812500000e+03 4.879378417968750000e+03 2.303790527343750000e+03 1.875480590820312500e+03 1.541210449218750000e+03 1.225109008789062500e+03 9.781777954101562500e+02 7.730968627929687500e+02
1.797992968750000000e+04 1.059834570312500000e+04 6.103830566406250000e+03 4.011723632812500000e+03 1.875532348632812500e+03 1.438401000976562500e+03 1.174700317382812500e+03 9.221232299804687500e+02 7.100276489257812500e+02 5.478687744140625000e+02
1.900822460937500000e+04 1.028078125000000000e+04 6.374659179687500000e+03 4.293479003906250000e+03 2.054564453125000000e+03 1.655278686523437500e+03 1.372938964843750000e+03 1.087624389648437500e+03 8.324527587890625000e+02 6.799291381835937500e+02
2.405861562500000000e+05 1.537237031250000000e+05 6.424525000000000000e+04 2.278840820312500000e+04 5.501103515625000000e+03 2.311265625000000000e+03 1.210933837890625000e+03 7.332130737304687500e+02 5.129413452148437500e+02 3.661970825195312500e+02
2.533957617187500000e+04 1.272091210937500000e+04 6.314843750000000000e+03 3.965887451171875000e+03 1.792125000000000000e+03 1.446214965820312500e+03 1.164906982421875000e+03 9.156840820312500000e+02 7.067355346679687500e+02 5.616979370117187500e+02
5.280601562500000000e+04 2.569071875000000000e+04 9.841297851562500000e+03 5.214752929687500000e+03 2.243655761718750000e+03 1.770036499023437500e+03 1.459614257812500000e+03 1.149908325195312500e+03 8.819146728515625000e+02 7.034578247070312500e+02
2.015418945312500000e+04 8.187584472656250000e+03 4.245230957031250000e+03 2.912505859375000000e+03 1.372074218750000000e+03 1.121894653320312500e+03 9.276054687500000000e+02 7.476633300781250000e+02 5.912358398437500000e+02 4.590464172363281250e+02
1.881389257812500000e+04 1.011676953125000000e+04 5.913239257812500000e+03 3.780009033203125000e+03 1.666485961914062500e+03 1.266066894531250000e+03 9.747539672851562500e+02 7.319335327148437500e+02 5.490759277343750000e+02 4.173789978027343750e+02
1.748293750000000000e+04 9.582562500000000000e+03 5.828665527343750000e+03 4.433552734375000000e+03 2.148876953125000000e+03 1.833143066406250000e+03 1.571286621093750000e+03 1.296608642578125000e+03 1.040065185546875000e+03 8.266235351562500000e+02
1.084990820312500000e+04 5.890741699218750000e+03 3.510366210937500000e+03 2.228153076171875000e+03 9.974666137695312500e+02 7.652075195312500000e+02 5.900052490234375000e+02 4.520443115234375000e+02 3.370819702148437500e+02 2.520452728271484375e+02
9.509583984375000000e+03 8.006848144531250000e+03 6.518749023437500000e+03 5.103722167968750000e+03 2.548363281250000000e+03 2.131959472656250000e+03 1.826424804687500000e+03 1.486027709960937500e+03 1.192095214843750000e+03 9.701486816406250000e+02
2.863734765625000000e+04 1.434032421875000000e+04 7.376543457031250000e+03 4.687494628906250000e+03 2.243589111328125000e+03 1.806293823242187500e+03 1.484493652343750000e+03 1.195897460937500000e+03 9.261491699218750000e+02 7.410457763671875000e+02
4.701419140625000000e+04 2.139296679687500000e+04 7.919190429687500000e+03 3.654416992187500000e+03 1.431334594726562500e+03 1.045891845703125000e+03 8.237835693359375000e+02 6.022604370117187500e+02 4.460489807128906250e+02 3.330902709960937500e+02
3.108690625000000000e+04 1.537847460937500000e+04 7.480134765625000000e+03 4.426397460937500000e+03 1.936948120117187500e+03 1.497580200195312500e+03 1.205583740234375000e+03 9.303334960937500000e+02 7.097525634765625000e+02 5.507850952148437500e+02
2.930325000000000000e+04 1.572486035156250000e+04 6.916339843750000000e+03 3.818086669921875000e+03 1.640550048828125000e+03 1.260177612304687500e+03 9.795296630859375000e+02 7.662547607421875000e+02 5.754463500976562500e+02 4.520813293457031250e+02
1.912787187500000000e+05 1.198085937500000000e+05 4.800078906250000000e+04 1.807578320312500000e+04 5.301196289062500000e+03 3.120645019531250000e+03 2.368031494140625000e+03 1.832888549804687500e+03 1.448835327148437500e+03 1.178050903320312500e+03
5.858778515625000000e+04 2.913053906250000000e+04 9.988172851562500000e+03 4.155674804687500000e+03 1.593620727539062500e+03 1.232059204101562500e+03 1.035289062500000000e+03 8.288884277343750000e+02 6.617557983398437500e+02 5.363052368164062500e+02
6.311940625000000000e+04 2.418158203125000000e+04 8.160616699218750000e+03 4.014018798828125000e+03 1.728170776367187500e+03 1.316932861328125000e+03 1.043315551757812500e+03 8.004738159179687500e+02 6.059828491210937500e+02 4.654128417968750000e+02
2.332067187500000000e+04 1.181093164062500000e+04 6.150198730468750000e+03 4.075653320312500000e+03 1.846371704101562500e+03 1.477706176757812500e+03 1.219331665039062500e+03 9.439887084960937500e+02 7.402436523437500000e+02 5.752786254882812500e+02
5.314105859375000000e+04 2.364121875000000000e+04 8.216200195312500000e+03 3.634691406250000000e+03 1.375124145507812500e+03 9.846400756835937500e+02 7.554591674804687500e+02 5.713519897460937500e+02 4.250730285644531250e+02 3.253320922851562500e+02
1.734115039062500000e+04 9.730366210937500000e+03 5.734579101562500000e+03 3.483097412109375000e+03 1.478321777343750000e+03 1.079827270507812500e+03 8.090150756835937500e+02 5.966275634765625000e+02 4.394773254394531250e+02 3.231770324707031250e+02
1.394804101562500000e+04 7.320877929687500000e+03 4.076332519531250000e+03 2.434764648437500000e+03 1.018336120605468750e+03 7.115551147460937500e+02 5.391844482421875000e+02 3.888551940917968750e+02 2.858677062988281250e+02 2.095072021484375000e+02
1.259267773437500000e+04 5.973212402343750000e+03 3.230497314453125000e+03 1.954770751953125000e+03 8.163306274414062500e+02 5.831063232421875000e+02 4.349540405273437500e+02 3.203825073242187500e+02 2.368834533691406250e+02 1.738253936767578125e+02
6.681301757812500000e+03 5.556253417968750000e+03 4.443960937500000000e+03 3.335434082031250000e+03 1.685897827148437500e+03 1.427802612304687500e+03 1.220060302734375000e+03 9.957305297851562500e+02 8.040493774414062500e+02 6.444523315429687500e+02
8.593118164062500000e+03 6.553166015625000000e+03 4.905581542968750000e+03 3.583561035156250000e+03 1.727459716796875000e+03 1.431665771484375000e+03 1.174136108398437500e+03 9.462416381835937500e+02 7.550791015625000000e+02 5.942757568359375000e+02
1.187049609375000000e+04 8.960993164062500000e+03 7.210981933593750000e+03 5.592310546875000000e+03 2.828995117187500000e+03 2.424308593750000000e+03 2.066615722656250000e+03 1.695818603515625000e+03 1.362581054687500000e+03 1.122572143554687500e+03
9.760555664062500000e+03 6.539331542968750000e+03 4.195829101562500000e+03 2.756915771484375000e+03 1.211750488281250000e+03 9.192678222656250000e+02 7.020094604492187500e+02 5.409505615234375000e+02 4.125148010253906250e+02 3.125731506347656250e+02
4.134912109375000000e+04 1.593380468750000000e+04 5.929666015625000000e+03 2.899545654296875000e+03 1.118410278320312500e+03 7.563134765625000000e+02 5.444660034179687500e+02 3.865532836914062500e+02 2.713986511230468750e+02 1.981154632568359375e+02
1.924947070312500000e+04 8.549636718750000000e+03 4.427812988281250000e+03 2.754842041015625000e+03 1.184527832031250000e+03 8.735324707031250000e+02 6.726509399414062500e+02 5.133172607421875000e+02 3.866311035156250000e+02 2.893331298828125000e+02
2.194550585937500000e+04 1.334578417968750000e+04 8.716548828125000000e+03 6.120046386718750000e+03 2.897615722656250000e+03 2.321231689453125000e+03 1.900711914062500000e+03 1.498175170898437500e+03 1.172041992187500000e+03 9.205546875000000000e+02
9.032068750000000000e+04 4.708570312500000000e+04 1.562985351562500000e+04 6.266210937500000000e+03 2.112189453125000000e+03 1.455990234375000000e+03 1.142137207031250000e+03 8.735134887695312500e+02 6.733757934570312500e+02 5.258721313476562500e+02
1.046789453125000000e+05 6.090211328125000000e+04 2.411979492187500000e+04 1.008754687500000000e+04 3.650780273437500000e+03 2.607531250000000000e+03 2.174793701171875000e+03 1.729677001953125000e+03 1.381281982421875000e+03 1.097271484375000000e+03
3.357880078125000000e+04 1.485801171875000000e+04 6.498363769531250000e+03 3.808239501953125000e+03 1.818148681640625000e+03 1.458596069335937500e+03 1.220512939453125000e+03 9.702761230468750000e+02 7.551719360351562500e+02 6.062056884765625000e+02
1.333684667968750000e+04 7.065863281250000000e+03 4.429520996093750000e+03 3.143095214843750000e+03 1.582570800781250000e+03 1.301455200195312500e+03 1.107342407226562500e+03 8.926221313476562500e+02 7.166956176757812500e+02 5.744508056640625000e+02
9.691642578125000000e+03 7.070915527343750000e+03 4.817195800781250000e+03 3.301102294921875000e+03 1.480119506835937500e+03 1.137793212890625000e+03 9.305890502929687500e+02 7.051090698242187500e+02 5.490498046875000000e+02 4.196117858886718750e+02
3.125237500000000000e+04 1.422139843750000000e+04 7.350914062500000000e+03 4.959683105468750000e+03 2.324110107421875000e+03 1.843097656250000000e+03 1.508897216796875000e+03 1.210239868164062500e+03 9.498132324218750000e+02 7.596068115234375000e+02
2.324836523437500000e+04 1.197621093750000000e+04 6.810675781250000000e+03 4.683108398437500000e+03 2.246782470703125000e+03 1.838796997070312500e+03 1.524967041015625000e+03 1.207560913085937500e+03 9.722059326171875000e+02 7.710829467773437500e+02
6.119582031250000000e+04 3.547372656250000000e+04 1.466440722656250000e+04 6.763466796875000000e+03 2.541834472656250000e+03 1.859162963867187500e+03 1.471971191406250000e+03 1.154371337890625000e+03 8.815300292968750000e+02 7.112286987304687500e+02
6.138353906250000000e+04 3.244022460937500000e+04 1.218170800781250000e+04 5.443236328125000000e+03 2.187016113281250000e+03 1.662473876953125000e+03 1.375389404296875000e+03 1.094110107421875000e+03 8.542452392578125000e+02 6.927983398437500000e+02
2.831252148437500000e+04 1.435834277343750000e+04 8.087785156250000000e+03 5.825843750000000000e+03 3.012734863281250000e+03 2.576093994140625000e+03 2.227750976562500000e+03 1.869808959960937500e+03 1.557552368164062500e+03 1.268991088867187500e+03
2.375413085937500000e+04 1.645149218750000000e+04 1.124664257812500000e+04 8.634901367187500000e+03 4.374733398437500000e+03 3.633581298828125000e+03 3.163023193359375000e+03 2.581162597656250000e+03 2.098215576171875000e+03 1.680020141601562500e+03
9.217892578125000000e+03 6.647723144531250000e+03 5.236904785156250000e+03 4.005791748046875000e+03 1.982404418945312500e+03 1.663555908203125000e+03 1.420129028320312500e+03 1.145372924804687500e+03 9.414386596679687500e+02 7.365783081054687500e+02
1.394948144531250000e+04 1.432285937500000000e+04 1.196756738281250000e+04 9.102403320312500000e+03 4.587066406250000000e+03 3.864035888671875000e+03 3.227381347656250000e+03 2.621856445312500000e+03 2.127309082031250000e+03 1.714487182617187500e+03
2.098498632812500000e+04 1.241313769531250000e+04 8.341859375000000000e+03 6.051574218750000000e+03 2.888533203125000000e+03 2.395062011718750000e+03 1.988416625976562500e+03 1.593995971679687500e+03 1.261708496093750000e+03 9.992590332031250000e+02
9.631707031250000000e+04 5.893695312500000000e+04 2.480232421875000000e+04 1.007637890625000000e+04 3.458506591796875000e+03 2.444286621093750000e+03 1.889713134765625000e+03 1.540316894531250000e+03 1.216868530273437500e+03 9.938180541992187500e+02
1.103837890625000000e+04 8.837624023437500000e+03 6.161833007812500000e+03 4.272699218750000000e+03 1.940453857421875000e+03 1.509144531250000000e+03 1.218312011718750000e+03 9.519570312500000000e+02 7.343425903320312500e+02 5.669984130859375000e+02
1.634763476562500000e+04 9.012784179687500000e+03 5.463457031250000000e+03 3.381090087890625000e+03 1.458998046875000000e+03 1.058102050781250000e+03 8.363987426757812500e+02 6.101718750000000000e+02 4.557391967773437500e+02 3.351577758789062500e+02
2.773214062500000000e+04 1.509292871093750000e+04 8.089813964843750000e+03 5.163377441406250000e+03 2.464398437500000000e+03 1.966488159179687500e+03 1.635832763671875000e+03 1.304186767578125000e+03 1.034066894531250000e+03 8.124972534179687500e+02
1.055050683593750000e+04 6.494211425781250000e+03 4.112031738281250000e+03 2.722607177734375000e+03 1.172891235351562500e+03 9.131856079101562500e+02 7.141905517578125000e+02 5.408252563476562500e+02 4.117688903808593750e+02 3.187414550781250000e+02
1.574224414062500000e+04 9.347555664062500000e+03 6.201583007812500000e+03 4.444905761718750000e+03 2.120384521484375000e+03 1.693332519531250000e+03 1.414895507812500000e+03 1.123867675781250000e+03 8.844819946289062500e+02 6.988385009765625000e+02
7.401839843750000000e+04 3.475410937500000000e+04 1.104827148437500000e+04 4.538573242187500000e+03 1.660557861328125000e+03 1.232763183593750000e+03 9.612987670898437500e+02 7.442224731445312500e+02 5.702911376953125000e+02 4.614164428710937500e+02
9.824683593750000000e+03 7.442906738281250000e+03 5.457216796875000000e+03 3.939750488281250000e+03 1.836127319335937500e+03 1.465625854492187500e+03 1.230817871093750000e+03 9.467998046875000000e+02 7.433311767578125000e+02 5.856981201171875000e+02
2.209209375000000000e+04 1.173566796875000000e+04 7.009569824218750000e+03 4.709915039062500000e+03 2.281073486328125000e+03 1.849928955078125000e+03 1.506502685546875000e+03 1.219104370117187500e+03 9.522374267578125000e+02 7.565297851562500000e+02
